            IntervalRadial            Vertical          Radial_vel        Vertical_vel
                   0                   0          -0.0779824
                   1            0.151706          -0.0777501
                   2            0.303411          -0.0770533
                   3            0.455114          -0.0759908
                   4            0.606815          -0.0746833
                   5            0.758514          -0.0732496
                   6            0.910214          -0.0718101
                   7             1.06191          -0.0704588
                   8             1.21362          -0.0692174
                   9             1.36532          -0.0680825
                  10             1.51702          -0.0670006
                  11             1.66872          -0.0658938
                  12             1.82043          -0.0646964
                  13             1.97213          -0.0633662
                  14             2.12382          -0.0618757
                  15             2.27552          -0.0602615
                  16             2.42722          -0.0585715
                  17             2.57892          -0.0568842
                  18             2.73061          -0.0552771
                  19             2.88231          -0.0538134
                  20             3.03402          -0.0525201
                  21             3.18572          -0.0514032
                  22             3.33742          -0.0504249
                  23             3.48912          -0.0495296
                  24             3.64083          -0.0486496
                  25             3.79253          -0.0477259
                  26             3.94424          -0.0467207
                  27             4.09594          -0.0456304
                  28             4.24764          -0.0444702
                  29             4.39934           -0.043286
                  30             4.55104           -0.042128
                  31             4.70275          -0.0410486
                  32             4.85445          -0.0400821
                  33             5.00615          -0.0392457
                  34             5.15786          -0.0385255
                  35             5.30956          -0.0378927
                  36             5.46127          -0.0373016
                  37             5.61297          -0.0367081
                  38             5.76468          -0.0360705
                  39             5.91638          -0.0353683
                  40             6.06809          -0.0346009
                  41             6.21979          -0.0337925
                  42              6.3715           -0.032974
                  43              6.5232          -0.0321846
                  44             6.67491          -0.0314561
                  45             6.82661          -0.0308107
                  46             6.97832           -0.030251
                  47             7.13002           -0.029766
                  48             7.28173          -0.0293297
                  49             7.43344          -0.0289105
                  50             7.58514          -0.0284765
                  51             7.73685          -0.0280073
                  52             7.88855          -0.0274904
                  53             8.04026          -0.0269304
                  54             8.19196          -0.0263429
                  55             8.34367          -0.0257585
                  56             8.49537          -0.0252012
                  57             8.64708          -0.0246918
                  58             8.79879          -0.0242391
                  59             8.95049          -0.0238441
                  60              9.1022          -0.0234939
                  61              9.2539          -0.0231685
                  62             9.40561          -0.0228478
                  63             9.55732          -0.0225122
                  64             9.70902          -0.0221477
                  65             9.86073          -0.0217523
                  66             10.0124          -0.0213314
                  67             10.1641          -0.0208988
                  68             10.3158          -0.0204684
                  69             10.4676          -0.0200633
                  70             10.6193          -0.0196941
                  71              10.771          -0.0193664
                  72             10.9227          -0.0190706
                  73             11.0744          -0.0188017
                  74             11.2261          -0.0185457
                  75             11.3778          -0.0182868
                  76             11.5295          -0.0180161
                  77             11.6812          -0.0177274
                  78             11.8329          -0.0174199
                  79             11.9846          -0.0170988
                  80             12.1363          -0.0167741
                  81              12.288          -0.0164573
                  82             12.4397          -0.0161561
                  83             12.5914          -0.0158789
                  84             12.7431          -0.0156267
                  85             12.8949          -0.0154014
                  86             13.0466           -0.015182
                  87             13.1983          -0.0149687
                  88               13.35          -0.0147547
                  89             13.5017          -0.0145319
                  90             13.6534          -0.0143008
                  91             13.8051          -0.0140619
                  92             13.9568          -0.0138178
                  93             14.1085          -0.0135752
                  94             14.2602          -0.0133379
                  95             14.4119          -0.0131101
                  96             14.5636          -0.0128982
                  97             14.7153          -0.0126962
                  98              14.867          -0.0125042
                  99             15.0187          -0.0123286
