            IntervalRadial            Vertical          Radial_vel        Vertical_vel
                   0                   0           -0.268304
                   1            0.152256           -0.261063
                   2            0.303285           -0.240453
                   3            0.452646           -0.210026
                   4            0.601278            -0.17622
                   5            0.751025           -0.147754
                   6            0.902662           -0.132248
                   7             1.05509           -0.132503
                   8             1.20684           -0.146907
                   9             1.35729           -0.171363
                  10             1.50704            -0.19984
                  11             1.65739            -0.22491
                  12             1.80909           -0.239721
                  13             1.96152           -0.240653
                  14             2.11345           -0.228327
                  15             2.26428           -0.206325
                  16             2.41433           -0.179513
                  17              2.5645           -0.153332
                  18             2.71561           -0.133352
                  19             2.86778            -0.12451
                  20             3.02013           -0.129312
                  21             3.17163           -0.146112
                  22             3.32223           -0.169703
                  23             3.47275           -0.193719
                  24             3.62401           -0.212548
                  25             3.77615           -0.221949
                  26             3.92856           -0.219609
                  27             4.08039           -0.206144
                  28             4.23139           -0.185286
                  29              4.3821           -0.162519
                  30             4.53329           -0.143086
                  31             4.68523           -0.130915
                  32             4.83764            -0.12828
                  33             4.98988           -0.135729
                  34             5.14148           -0.151624
                  35             5.29254           -0.171976
                  36             5.44374           -0.191315
                  37             5.59559           -0.204561
                  38             5.74796           -0.208798
                  39              5.9003           -0.203614
                  40             6.05218           -0.190619
                  41             6.20358           -0.172966
                  42             6.35494            -0.15497
                  43             6.50673           -0.141075
                  44             6.65902           -0.134417
                  45             6.81144           -0.136053
                  46              6.9636           -0.145055
                  47             7.11537           -0.159152
                  48             7.26697           -0.175085
                  49             7.41875           -0.189133
                  50             7.57093           -0.197804
                  51             7.72335            -0.19887
                  52             7.87564           -0.192373
                  53              8.0276            -0.18046
                  54             8.17939           -0.166453
                  55             8.33128           -0.153621
                  56             8.48345           -0.144817
                  57             8.63585           -0.141987
                  58             8.78824           -0.145655
                  59              8.9404           -0.154613
                  60             9.09237           -0.166406
                  61             9.24434           -0.178255
                  62             9.39649           -0.187512
                  63             9.54884           -0.192231
                  64             9.70127           -0.191437
                  65             9.85358             -0.1854
                  66             10.0057           -0.175802
                  67             10.1578           -0.165325
                  68               10.31           -0.156881
                  69             10.4623           -0.152292
                  70             10.6148           -0.152287
                  71             10.7671           -0.156493
                  72             10.9194           -0.163967
                  73             11.0715           -0.172842
                  74             11.2238           -0.180945
                  75             11.3761           -0.186597
                  76             11.5285           -0.188719
                  77             11.6809           -0.187134
                  78             11.8333           -0.182467
                  79             11.9856           -0.176024
                  80             12.1378           -0.169473
                  81             12.2902           -0.164541
                  82             12.4426           -0.162626
                  83              12.595            -0.16402
                  84             12.7474           -0.168076
                  85             12.8997           -0.173235
                  86             13.0521           -0.178785
                  87             13.2044           -0.183584
                  88             13.3568           -0.186662
                  89             13.5092           -0.187696
                  90             13.6617           -0.186733
                  91             13.8141           -0.184302
                  92             13.9665           -0.181227
                  93             14.1189           -0.178345
                  94             14.2713           -0.176439
                  95             14.4237           -0.176086
                  96             14.5761           -0.177192
                  97             14.7286           -0.179637
                  98              14.881           -0.182835
                  99             15.0334           -0.185042
