            IntervalRadial            Vertical          Radial_vel        Vertical_vel
                   0                   0             -0.7602
                   1            0.152355           -0.757035
                   2             0.30445           -0.747604
                   3            0.456051           -0.732149
                   4            0.606972           -0.711056
                   5            0.757088           -0.684844
                   6            0.906354           -0.654157
                   7              1.0548            -0.61974
                   8             1.20255           -0.582414
                   9             1.34977           -0.543054
                  10             1.49667           -0.502546
                  11              1.6435           -0.461761
                  12             1.79047           -0.421509
                  13             1.93778           -0.382503
                  14             2.08557           -0.345331
                  15             2.23391           -0.310435
                  16             2.38282           -0.278102
                  17              2.5323           -0.248481
                  18              2.6823           -0.221595
                  19             2.83275           -0.197375
                  20             2.98359           -0.175682
                  21             3.13474           -0.156337
                  22             3.28616           -0.139138
                  23             3.43778           -0.123878
                  24             3.58956           -0.110356
                  25             3.74148          -0.0983784
                  26              3.8935          -0.0877702
                  27             4.04559          -0.0783712
                  28             4.19775          -0.0700381
                  29             4.34996          -0.0626437
                  30             4.50221          -0.0560756
                  31             4.65448          -0.0502348
                  32             4.80678          -0.0450347
                  33              4.9591          -0.0403994
                  34             5.11143          -0.0362623
                  35             5.26377          -0.0325653
                  36             5.41612          -0.0292577
                  37             5.56848          -0.0262948
                  38             5.72085          -0.0236376
                  39             5.87321           -0.021252
                  40             6.02559          -0.0191078
                  41             6.17796          -0.0171787
                  42             6.33034          -0.0154413
                  43             6.48272          -0.0138752
                  44              6.6351          -0.0124622
                  45             6.78748          -0.0111863
                  46             6.93986          -0.0100334
                  47             7.09225         -0.00899071
                  48             7.24463         -0.00804718
                  49             7.39702         -0.00719283
                  50              7.5494          -0.0064188
                  51             7.70179         -0.00571719
                  52             7.85417         -0.00508094
                  53             8.00656         -0.00450374
                  54             8.15895         -0.00397995
                  55             8.31133          -0.0035045
                  56             8.46372         -0.00307285
                  57             8.61611         -0.00268093
                  58             8.76849         -0.00232508
                  59             8.92088         -0.00200199
                  60             9.07327          -0.0017087
                  61             9.22566         -0.00144253
                  62             9.37804         -0.00120108
                  63             9.53043        -0.000982178
                  64             9.68282        -0.000783858
                  65              9.8352        -0.000604355
                  66             9.98759        -0.000442074
                  67               10.14        -0.000295577
                  68             10.2924         -0.00016357
                  69             10.4448        -4.48853e-05
                  70             10.5971         6.15238e-05
                  71             10.7495         0.000156597
                  72             10.9019         0.000241175
                  73             11.0543         0.000316004
                  74             11.2067         0.000381748
                  75             11.3591         0.000438988
                  76             11.5115          0.00048823
                  77             11.6639         0.000529907
                  78             11.8162         0.000564383
                  79             11.9686         0.000591953
                  80              12.121         0.000612852
                  81             12.2734         0.000627238
                  82             12.4258         0.000635185
                  83             12.5782         0.000636649
                  84             12.7306         0.000631545
                  85              12.883         0.000619727
                  86             13.0353            0.000601
                  87             13.1877         0.000574987
                  88             13.3401         0.000541165
                  89             13.4925         0.000498834
                  90             13.6449         0.000447066
                  91             13.7973         0.000384645
                  92             13.9497         0.000309965
                  93             14.1021         0.000220876
                  94             14.2544         0.000114425
                  95             14.4068        -1.35906e-05
                  96             14.5592         -0.00016944
                  97             14.7116        -0.000363381
                  98              14.864        -0.000614619
                  99             15.0164        -0.000974085
