            IntervalRadial            Vertical          Radial_vel        Vertical_vel
                   0                   0           -0.210532
                   1            0.152134           -0.204008
                   2            0.303282           -0.185532
                   3            0.453141           -0.158521
                   4            0.602465           -0.128693
                   5            0.752604           -0.103291
                   6            0.904164          -0.0885602
                   7             1.05643          -0.0872855
                   8             1.20829          -0.0984933
                   9             1.35923           -0.118594
                  10             1.50967           -0.142195
                  11             1.66051           -0.163014
                  12             1.81228           -0.175455
                  13             1.96455           -0.176446
                  14             2.11647           -0.166133
                  15             2.26757           -0.147279
                  16             2.41806           -0.124048
                  17             2.56862           -0.101259
                  18             2.71988          -0.0837218
                  19             2.87193          -0.0754469
                  20             3.02418          -0.0783358
                  21             3.17591           -0.091198
                  22             3.32701           -0.110051
                  23             3.47801           -0.129708
                  24             3.62948           -0.145304
                  25             3.78155           -0.153176
                  26             3.93381           -0.151465
                  27             4.08571           -0.140707
                  28             4.23703           -0.123746
                  29             4.38813           -0.104845
                  30              4.5395          -0.0883058
                  31             4.69139          -0.0775493
                  32             4.84364          -0.0746021
                  33             4.99582          -0.0798976
                  34             5.14761          -0.0920201
                  35             5.29906           -0.107822
                  36             5.45057           -0.123101
                  37             5.60246           -0.133883
                  38             5.75469           -0.137662
                  39             5.90691           -0.133869
                  40             6.05885           -0.123697
                  41             6.21047           -0.109697
                  42             6.36206          -0.0952455
                  43              6.5139          -0.0837633
                  44             6.66606          -0.0777475
                  45             6.81833           -0.078217
                  46             6.97047          -0.0846282
                  47             7.12237          -0.0952319
                  48             7.27416           -0.107419
                  49             7.42604            -0.11826
                  50             7.57816            -0.12509
                  51             7.73043           -0.126225
                  52             7.88263           -0.121569
                  53             8.03464           -0.112582
                  54             8.18653           -0.101704
                  55             8.33846          -0.0915227
                  56             8.49056           -0.084305
                  57             8.64281          -0.0815682
                  58             8.79507          -0.0837371
                  59             8.94721          -0.0900101
                  60             9.09924          -0.0986474
                  61             9.25126           -0.107545
                  62             9.40336           -0.114628
                  63             9.55559           -0.118342
                  64             9.70787           -0.117923
                  65             9.86008           -0.113572
                  66             10.0122           -0.106488
                  67             10.1643          -0.0985824
                  68             10.3164          -0.0919648
                  69             10.4686          -0.0880763
                  70             10.6209          -0.0875787
                  71             10.7731          -0.0902883
                  72             10.9253          -0.0954943
                  73             11.0775           -0.101851
                  74             11.2296             -0.1078
                  75             11.3818           -0.112069
                  76             11.5341           -0.113795
                  77             11.6864           -0.112768
                  78             11.8386           -0.109404
                  79             11.9908           -0.104663
                  80              12.143          -0.0997628
                  81             12.2952          -0.0959456
                  82             12.4475          -0.0942331
                  83             12.5998          -0.0948907
                  84              12.752          -0.0975239
                  85             12.9042           -0.101088
                  86             13.0565            -0.10502
                  87             13.2087           -0.108475
                  88             13.3609           -0.110751
                  89             13.5132           -0.111578
                  90             13.6655           -0.110956
                  91             13.8178           -0.109226
                  92               13.97           -0.106963
                  93             14.1223           -0.104789
                  94             14.2745           -0.103286
                  95             14.4268           -0.102874
                  96             14.5791           -0.103505
                  97             14.7313           -0.105106
                  98             14.8836           -0.107281
                  99             15.0359           -0.108797
