            IntervalRadial            Vertical          Radial_vel        Vertical_vel
                   0                   0            -1.50977
                   1            0.152984            -1.50714
                   2            0.305789            -1.49929
                   3            0.458245            -1.48631
                   4            0.610196            -1.46837
                   5            0.761516            -1.44571
                   6            0.912106            -1.41862
                   7             1.06191            -1.38746
                   8              1.2109            -1.35263
                   9              1.3591            -1.31461
                  10             1.50659            -1.27388
                  11             1.65346              -1.231
                  12             1.79986            -1.18651
                  13             1.94594            -1.14098
                  14             2.09186            -1.09496
                  15              2.2378            -1.04899
                  16              2.3839            -1.00355
                  17              2.5303           -0.959079
                  18              2.6771           -0.915932
                  19             2.82436           -0.874401
                  20             2.97213           -0.834699
                  21             3.12041           -0.796967
                  22              3.2692           -0.761278
                  23             3.41846           -0.727653
                  24             3.56817           -0.696065
                  25             3.71829           -0.666456
                  26             3.86876           -0.638742
                  27             4.01956           -0.612824
                  28             4.17064           -0.588597
                  29             4.32196           -0.565949
                  30             4.47349            -0.54477
                  31             4.62521           -0.524952
                  32             4.77709           -0.506394
                  33              4.9291           -0.488999
                  34             5.08123           -0.472677
                  35             5.23347           -0.457343
                  36              5.3858            -0.44292
                  37              5.5382           -0.429339
                  38             5.69067           -0.416532
                  39              5.8432           -0.404442
                  40             5.99578           -0.393013
                  41              6.1484           -0.382197
                  42             6.30106           -0.371947
                  43             6.45376           -0.362224
                  44             6.60649           -0.352988
                  45             6.75924           -0.344206
                  46             6.91202           -0.335846
                  47             7.06482            -0.32788
                  48             7.21764           -0.320281
                  49             7.37047           -0.313025
                  50             7.52332            -0.30609
                  51             7.67619           -0.299455
                  52             7.82906           -0.293102
                  53             7.98195           -0.287014
                  54             8.13484           -0.281174
                  55             8.28775           -0.275568
                  56             8.44066           -0.270183
                  57             8.59358           -0.265005
                  58              8.7465           -0.260023
                  59             8.89943           -0.255227
                  60             9.05237           -0.250606
                  61             9.20531           -0.246151
                  62             9.35826           -0.241853
                  63             9.51121           -0.237704
                  64             9.66416           -0.233697
                  65             9.81712           -0.229824
                  66             9.97008           -0.226079
                  67              10.123           -0.222456
                  68              10.276           -0.218949
                  69              10.429           -0.215552
                  70              10.582           -0.212261
                  71             10.7349            -0.20907
                  72             10.8879           -0.205976
                  73             11.0409           -0.202973
                  74             11.1939           -0.200059
                  75             11.3468           -0.197228
                  76             11.4998           -0.194479
                  77             11.6528           -0.191806
                  78             11.8058           -0.189208
                  79             11.9588            -0.18668
                  80             12.1118           -0.184222
                  81             12.2648           -0.181828
                  82             12.4177           -0.179498
                  83             12.5707           -0.177229
                  84             12.7237           -0.175018
                  85             12.8767           -0.172864
                  86             13.0297           -0.170764
                  87             13.1827           -0.168716
                  88             13.3357           -0.166718
                  89             13.4887           -0.164769
                  90             13.6417           -0.162867
                  91             13.7947            -0.16101
                  92             13.9477           -0.159198
                  93             14.1007           -0.157429
                  94             14.2537           -0.155701
                  95             14.4067           -0.154014
                  96             14.5597           -0.152367
                  97             14.7127            -0.15076
                  98             14.8657           -0.149193
                  99             15.0187            -0.14767
