            IntervalRadial            Vertical          Radial_vel        Vertical_vel
                   0                   0           -0.357092
                   1            0.151649           -0.356364
                   2            0.303284           -0.354193
                   3            0.454892            -0.35063
                   4            0.606464           -0.345753
                   5            0.757992           -0.339668
                   6            0.909473           -0.332504
                   7             1.06091           -0.324405
                   8              1.2123           -0.315529
                   9             1.36365           -0.306037
                  10             1.51497            -0.29609
                  11             1.66628           -0.285844
                  12             1.81757           -0.275442
                  13             1.96886           -0.265012
                  14             2.12016           -0.254668
                  15             2.27147           -0.244504
                  16              2.4228           -0.234596
                  17             2.57414           -0.225004
                  18             2.72551            -0.21577
                  19              2.8769           -0.206924
                  20             3.02832           -0.198484
                  21             3.17976           -0.190457
                  22             3.33122           -0.182842
                  23              3.4827           -0.175634
                  24             3.63419           -0.168821
                  25             3.78571           -0.162389
                  26             3.93724            -0.15632
                  27             4.08878           -0.150598
                  28             4.24033           -0.145203
                  29              4.3919           -0.140116
                  30             4.54347            -0.13532
                  31             4.69506           -0.130794
                  32             4.84665           -0.126523
                  33             4.99824           -0.122489
                  34             5.14984           -0.118677
                  35             5.30145           -0.115072
                  36             5.45306            -0.11166
                  37             5.60468           -0.108428
                  38              5.7563           -0.105363
                  39             5.90792           -0.102456
                  40             6.05955           -0.099694
                  41             6.21118          -0.0970689
                  42              6.3628          -0.0945714
                  43             6.51444          -0.0921931
                  44             6.66607          -0.0899265
                  45             6.81771          -0.0877643
                  46             6.96934             -0.0857
                  47             7.12098          -0.0837276
                  48             7.27262          -0.0818413
                  49             7.42426           -0.080036
                  50              7.5759          -0.0783069
                  51             7.72754          -0.0766494
                  52             7.87918          -0.0750594
                  53             8.03082           -0.073533
                  54             8.18247          -0.0720667
                  55             8.33411           -0.070657
                  56             8.48576          -0.0693008
                  57              8.6374          -0.0679953
                  58             8.78905          -0.0667378
                  59             8.94069          -0.0655257
                  60             9.09234          -0.0643567
                  61             9.24398          -0.0632285
                  62             9.39563          -0.0621392
                  63             9.54728          -0.0610868
                  64             9.69892          -0.0600694
                  65             9.85057          -0.0590854
                  66             10.0022          -0.0581333
                  67             10.1539          -0.0572114
                  68             10.3055          -0.0563184
                  69             10.4572          -0.0554531
                  70             10.6088           -0.054614
                  71             10.7605          -0.0538001
                  72             10.9121          -0.0530103
                  73             11.0638          -0.0522436
                  74             11.2154          -0.0514988
                  75             11.3671          -0.0507752
                  76             11.5187          -0.0500719
                  77             11.6703          -0.0493879
                  78              11.822          -0.0487226
                  79             11.9736          -0.0480751
                  80             12.1253          -0.0474448
                  81             12.2769          -0.0468311
                  82             12.4286          -0.0462332
                  83             12.5802          -0.0456506
                  84             12.7319          -0.0450827
                  85             12.8835           -0.044529
                  86             13.0352          -0.0439888
                  87             13.1868          -0.0434619
                  88             13.3385          -0.0429476
                  89             13.4901          -0.0424455
                  90             13.6418          -0.0419552
                  91             13.7934          -0.0414763
                  92             13.9451          -0.0410085
                  93             14.0967          -0.0405513
                  94             14.2484          -0.0401045
                  95                14.4          -0.0396677
                  96             14.5517          -0.0392405
                  97             14.7033          -0.0388229
                  98              14.855          -0.0384146
                  99             15.0066          -0.0380155
