            IntervalRadial            Vertical          Radial_vel        Vertical_vel
                   0                   0            -1.33782
                   1            0.153674            -1.33211
                   2            0.306505            -1.31504
                   3            0.457735            -1.28715
                   4             0.60677            -1.24924
                   5            0.753239            -1.20239
                   6            0.897051            -1.14792
                   7             1.03843            -1.08741
                   8             1.17788            -1.02259
                   9             1.31617           -0.955323
                  10             1.45417           -0.887476
                  11             1.59276           -0.820839
                  12             1.73265           -0.756957
                  13             1.87425           -0.696991
                  14             2.01771           -0.641609
                  15             2.16292           -0.590978
                  16             2.30962           -0.544861
                  17             2.45753           -0.502769
                  18             2.60638           -0.464126
                  19             2.75595           -0.428396
                  20             2.90609            -0.39515
                  21             3.05671           -0.364096
                  22             3.20772           -0.335071
                  23              3.3591           -0.308015
                  24             3.51082           -0.282929
                  25             3.66286           -0.259832
                  26             3.81518           -0.238722
                  27             3.96776           -0.219546
                  28             4.12056           -0.202194
                  29             4.27354           -0.186498
                  30             4.42666           -0.172256
                  31             4.57989            -0.15926
                  32             4.73321           -0.147323
                  33             4.88659           -0.136289
                  34             5.04003           -0.126046
                  35             5.19351           -0.116522
                  36             5.34704           -0.107669
                  37              5.5006           -0.099463
                  38             5.65419          -0.0918826
                  39             5.80782          -0.0849077
                  40             5.96146          -0.0785107
                  41             6.11513          -0.0726551
                  42             6.26882          -0.0672956
                  43             6.42252          -0.0623817
                  44             6.57624          -0.0578616
                  45             6.72996          -0.0536874
                  46             6.88369          -0.0498184
                  47             7.03743           -0.046223
                  48             7.19117          -0.0428781
                  49             7.34492           -0.039768
                  50             7.49868           -0.036881
                  51             7.65243           -0.034207
                  52             7.80619          -0.0317342
                  53             7.95996          -0.0294498
                  54             8.11372          -0.0273408
                  55             8.26749          -0.0253955
                  56             8.42126          -0.0236017
                  57             8.57503          -0.0219459
                  58              8.7288          -0.0204149
                  59             8.88258          -0.0189966
                  60             9.03635          -0.0176811
                  61             9.19013          -0.0164606
                  62             9.34391          -0.0153286
                  63             9.49768          -0.0142807
                  64             9.65146          -0.0133124
                  65             9.80524          -0.0124197
                  66             9.95902          -0.0115936
                  67             10.1128          -0.0108255
                  68             10.2666          -0.0101105
                  69             10.4204         -0.00945554
                  70             10.5741          -0.0088646
                  71             10.7279         -0.00833482
                  72             10.8817         -0.00785546
                  73             11.0355          -0.0074202
                  74             11.1892         -0.00702479
                  75              11.343          -0.0066647
                  76             11.4968         -0.00633802
                  77             11.6506         -0.00604259
                  78             11.8044         -0.00577542
                  79             11.9582         -0.00553498
                  80             12.1119         -0.00531771
                  81             12.2657         -0.00512093
                  82             12.4195         -0.00493274
                  83             12.5733           -0.004792
                  84             12.7271         -0.00471475
                  85             12.8808         -0.00471224
                  86             13.0346         -0.00472126
                  87             13.1884         -0.00474215
                  88             13.3422         -0.00477523
                  89              13.496         -0.00481462
                  90             13.6497         -0.00486137
                  91             13.8035         -0.00491698
                  92             13.9573         -0.00498422
                  93             14.1111         -0.00506317
                  94             14.2649         -0.00515719
                  95             14.4186         -0.00527513
                  96             14.5724         -0.00543908
                  97             14.7262           -0.005627
                  98               14.88         -0.00588167
                  99             15.0338         -0.00639842
