           iteration                time              height            velocity
                   0                   0                   3           -0.997705
                   1                0.01             2.99002           -0.995333
                   2                0.02             2.98007           -0.992988
                   3                0.03             2.97014           -0.990667
                   4                0.04             2.96023           -0.988371
                   5                0.05             2.95035           -0.986099
                   6                0.06             2.94049           -0.983852
                   7                0.07             2.93065           -0.981628
                   8                0.08             2.92083           -0.979427
                   9                0.09             2.91104           -0.977249
                  10                 0.1             2.90127           -0.975094
                  11                0.11             2.89152           -0.972962
                  12                0.12             2.88179           -0.970851
                  13                0.13             2.87208           -0.968762
                  14                0.14             2.86239           -0.966694
                  15                0.15             2.85272           -0.964647
                  16                0.16             2.84308           -0.962621
                  17                0.17             2.83345           -0.960615
                  18                0.18             2.82384           -0.958629
                  19                0.19             2.81426           -0.956663
                  20                 0.2             2.80469           -0.954717
                  21                0.21             2.79514           -0.952789
                  22                0.22             2.78562           -0.950881
                  23                0.23             2.77611           -0.948991
                  24                0.24             2.76662            -0.94712
                  25                0.25             2.75715           -0.945267
                  26                0.26             2.74769           -0.943431
                  27                0.27             2.73826           -0.941613
                  28                0.28             2.72884           -0.939813
                  29                0.29             2.71945           -0.938029
                  30                 0.3             2.71006           -0.936262
                  31                0.31              2.7007           -0.934512
                  32                0.32             2.69136           -0.932778
                  33                0.33             2.68203            -0.93106
                  34                0.34             2.67272           -0.929357
                  35                0.35             2.66343           -0.927671
                  36                0.36             2.65415           -0.925999
                  37                0.37             2.64489           -0.924343
                  38                0.38             2.63565           -0.922702
                  39                0.39             2.62642           -0.921075
                  40                 0.4             2.61721           -0.919463
                  41                0.41             2.60801           -0.917864
                  42                0.42             2.59883            -0.91628
                  43                0.43             2.58967            -0.91471
                  44                0.44             2.58052           -0.913153
                  45                0.45             2.57139            -0.91161
                  46                0.46             2.56228           -0.910079
                  47                0.47             2.55318           -0.908562
                  48                0.48             2.54409           -0.907057
                  49                0.49             2.53502           -0.905565
                  50                 0.5             2.52596           -0.904086
                  51                0.51             2.51692           -0.902618
                  52                0.52              2.5079           -0.901163
                  53                0.53             2.49889           -0.899719
                  54                0.54             2.48989           -0.898287
                  55                0.55             2.48091           -0.896867
                  56                0.56             2.47194           -0.895458
                  57                0.57             2.46298            -0.89406
                  58                0.58             2.45404           -0.892673
                  59                0.59             2.44511           -0.891296
                  60                 0.6              2.4362           -0.889931
                  61                0.61              2.4273           -0.888576
                  62                0.62             2.41842           -0.887231
                  63                0.63             2.40954           -0.885896
                  64                0.64             2.40069           -0.884571
                  65                0.65             2.39184           -0.883256
                  66                0.66             2.38301           -0.881951
                  67                0.67             2.37419           -0.880655
                  68                0.68             2.36538           -0.879369
                  69                0.69             2.35659           -0.878092
                  70                 0.7             2.34781           -0.876824
                  71                0.71             2.33904           -0.875565
                  72                0.72             2.33028           -0.874314
                  73                0.73             2.32154           -0.873073
                  74                0.74             2.31281            -0.87184
                  75                0.75             2.30409           -0.870615
                  76                0.76             2.29538           -0.869399
                  77                0.77             2.28669           -0.868191
                  78                0.78             2.27801           -0.866991
                  79                0.79             2.26934           -0.865798
                  80                 0.8             2.26068           -0.864614
                  81                0.81             2.25203           -0.863437
                  82                0.82              2.2434           -0.862268
                  83                0.83             2.23478           -0.861106
                  84                0.84             2.22617           -0.859952
                  85                0.85             2.21757           -0.858804
                  86                0.86             2.20898           -0.857664
                  87                0.87              2.2004           -0.856531
                  88                0.88             2.19184           -0.855404
                  89                0.89             2.18328           -0.854285
                  90                 0.9             2.17474           -0.853172
                  91                0.91             2.16621           -0.852065
                  92                0.92             2.15769           -0.850965
                  93                0.93             2.14918           -0.849871
                  94                0.94             2.14068           -0.848784
                  95                0.95             2.13219           -0.847702
                  96                0.96             2.12371           -0.846627
                  97                0.97             2.11525           -0.845558
                  98                0.98             2.10679           -0.844494
                  99                0.99             2.09835           -0.843436
                 100                   1             2.08991           -0.842384
                 101                1.01             2.08149           -0.841337
                 102                1.02             2.07308           -0.840296
                 103                1.03             2.06467           -0.839261
                 104                1.04             2.05628            -0.83823
                 105                1.05              2.0479           -0.837205
                 106                1.06             2.03953           -0.836185
                 107                1.07             2.03116            -0.83517
                 108                1.08             2.02281            -0.83416
                 109                1.09             2.01447           -0.833154
                 110                 1.1             2.00614           -0.832154
                 111                1.11             1.99782           -0.831158
                 112                1.12             1.98951           -0.830167
                 113                1.13              1.9812           -0.829181
                 114                1.14             1.97291           -0.828199
                 115                1.15             1.96463           -0.827222
                 116                1.16             1.95636           -0.826248
                 117                1.17              1.9481            -0.82528
                 118                1.18             1.93984           -0.824315
                 119                1.19              1.9316           -0.823354
                 120                 1.2             1.92337           -0.822398
                 121                1.21             1.91514           -0.821446
                 122                1.22             1.90693           -0.820497
                 123                1.23             1.89872           -0.819552
                 124                1.24             1.89053           -0.818612
                 125                1.25             1.88234           -0.817675
                 126                1.26             1.87416           -0.816741
                 127                1.27               1.866           -0.815811
                 128                1.28             1.85784           -0.814885
                 129                1.29             1.84969           -0.813963
                 130                 1.3             1.84155           -0.813043
                 131                1.31             1.83342           -0.812128
                 132                1.32              1.8253           -0.811215
                 133                1.33             1.81719           -0.810306
                 134                1.34             1.80908             -0.8094
                 135                1.35             1.80099           -0.808497
                 136                1.36              1.7929           -0.807597
                 137                1.37             1.78483           -0.806701
                 138                1.38             1.77676           -0.805807
                 139                1.39              1.7687           -0.804916
                 140                 1.4             1.76065           -0.804028
                 141                1.41             1.75261           -0.803143
                 142                1.42             1.74458           -0.802261
                 143                1.43             1.73656           -0.801382
                 144                1.44             1.72855           -0.800505
                 145                1.45             1.72054           -0.799631
                 146                1.46             1.71254            -0.79876
                 147                1.47             1.70456           -0.797891
                 148                1.48             1.69658           -0.797025
                 149                1.49             1.68861           -0.796161
                 150                 1.5             1.68065           -0.795299
                 151                1.51             1.67269            -0.79444
                 152                1.52             1.66475           -0.793584
                 153                1.53             1.65681           -0.792729
                 154                1.54             1.64889           -0.791877
                 155                1.55             1.64097           -0.791027
                 156                1.56             1.63306            -0.79018
                 157                1.57             1.62516           -0.789334
                 158                1.58             1.61726           -0.788491
                 159                1.59             1.60938            -0.78765
                 160                 1.6              1.6015           -0.786811
                 161                1.61             1.59363           -0.785973
                 162                1.62             1.58577           -0.785138
                 163                1.63             1.57792           -0.784305
                 164                1.64             1.57008           -0.783473
                 165                1.65             1.56224           -0.782644
                 166                1.66             1.55442           -0.781816
                 167                1.67              1.5466            -0.78099
                 168                1.68             1.53879           -0.780166
                 169                1.69             1.53099           -0.779344
                 170                 1.7             1.52319           -0.778523
                 171                1.71             1.51541           -0.777704
                 172                1.72             1.50763           -0.776887
                 173                1.73             1.49986           -0.776071
                 174                1.74              1.4921           -0.775257
                 175                1.75             1.48435           -0.774444
                 176                1.76              1.4766           -0.773633
                 177                1.77             1.46887           -0.772824
                 178                1.78             1.46114           -0.772016
                 179                1.79             1.45342           -0.771209
                 180                 1.8             1.44571           -0.770404
                 181                1.81               1.438             -0.7696
                 182                1.82             1.43031           -0.768798
                 183                1.83             1.42262           -0.767997
                 184                1.84             1.41494           -0.767197
                 185                1.85             1.40727           -0.766398
                 186                1.86              1.3996           -0.765601
                 187                1.87             1.39195           -0.764805
                 188                1.88              1.3843            -0.76401
                 189                1.89             1.37666           -0.763217
                 190                 1.9             1.36903           -0.762425
                 191                1.91              1.3614           -0.761633
                 192                1.92             1.35379           -0.760843
                 193                1.93             1.34618           -0.760055
                 194                1.94             1.33858           -0.759267
                 195                1.95             1.33099            -0.75848
                 196                1.96              1.3234           -0.757694
                 197                1.97             1.31582            -0.75691
                 198                1.98             1.30825           -0.756126
                 199                1.99             1.30069           -0.755344
                 200                   2             1.29314           -0.754562
                 201                2.01             1.28559           -0.753781
                 202                2.02             1.27806           -0.753002
                 203                2.03             1.27053           -0.752223
                 204                2.04               1.263           -0.751445
                 205                2.05             1.25549           -0.750668
                 206                2.06             1.24798           -0.749892
                 207                2.07             1.24048           -0.749117
                 208                2.08             1.23299           -0.748342
                 209                2.09             1.22551           -0.747569
                 210                 2.1             1.21803           -0.746796
                 211                2.11             1.21057           -0.746024
                 212                2.12             1.20311           -0.745253
                 213                2.13             1.19565           -0.744483
                 214                2.14             1.18821           -0.743713
                 215                2.15             1.18077           -0.742944
                 216                2.16             1.17334           -0.742176
                 217                2.17             1.16592           -0.741409
                 218                2.18             1.15851           -0.740642
                 219                2.19              1.1511           -0.739876
                 220                 2.2              1.1437           -0.739111
                 221                2.21             1.13631           -0.738346
                 222                2.22             1.12893           -0.737582
                 223                2.23             1.12155           -0.736819
                 224                2.24             1.11418           -0.736056
                 225                2.25             1.10682           -0.735294
                 226                2.26             1.09947           -0.734533
                 227                2.27             1.09212           -0.733772
                 228                2.28             1.08479           -0.733012
                 229                2.29             1.07746           -0.732252
                 230                 2.3             1.07013           -0.731493
                 231                2.31             1.06282           -0.730735
                 232                2.32             1.05551           -0.729977
                 233                2.33             1.04821            -0.72922
                 234                2.34             1.04092           -0.728463
                 235                2.35             1.03363           -0.727707
                 236                2.36             1.02636           -0.726951
                 237                2.37             1.01909           -0.726196
                 238                2.38             1.01183           -0.725441
                 239                2.39             1.00457           -0.724687
                 240                 2.4            0.997324           -0.723933
                 241                2.41            0.990085            -0.72318
                 242                2.42            0.982853           -0.722427
                 243                2.43            0.975629           -0.721675
                 244                2.44            0.968412           -0.720923
                 245                2.45            0.961203           -0.720172
                 246                2.46            0.954001           -0.719421
                 247                2.47            0.946807           -0.718671
                 248                2.48             0.93962           -0.717921
                 249                2.49            0.932441           -0.717172
                 250                 2.5            0.925269           -0.716423
                 251                2.51            0.918105           -0.715674
                 252                2.52            0.910948           -0.714926
                 253                2.53            0.903799           -0.714178
                 254                2.54            0.896657           -0.713431
                 255                2.55            0.889523           -0.712684
                 256                2.56            0.882396           -0.711937
                 257                2.57            0.875277           -0.711191
                 258                2.58            0.868165           -0.710445
                 259                2.59            0.861061             -0.7097
                 260                 2.6            0.853964           -0.708955
                 261                2.61            0.846874           -0.708211
                 262                2.62            0.839792           -0.707467
                 263                2.63            0.832717           -0.706723
                 264                2.64             0.82565            -0.70598
                 265                2.65             0.81859           -0.705237
                 266                2.66            0.811538           -0.704494
                 267                2.67            0.804493           -0.703752
                 268                2.68            0.797455            -0.70301
                 269                2.69            0.790425           -0.702269
                 270                 2.7            0.783403           -0.701528
                 271                2.71            0.776387           -0.700787
                 272                2.72            0.769379           -0.700046
                 273                2.73            0.762379           -0.699307
                 274                2.74            0.755386           -0.698567
                 275                2.75              0.7484           -0.697828
                 276                2.76            0.741422           -0.697089
                 277                2.77            0.734451            -0.69635
                 278                2.78            0.727488           -0.695612
                 279                2.79            0.720531           -0.694874
                 280                 2.8            0.713583           -0.694137
                 281                2.81            0.706641             -0.6934
                 282                2.82            0.699707           -0.692663
                 283                2.83            0.692781           -0.691927
                 284                2.84            0.685861           -0.691191
                 285                2.85             0.67895           -0.690455
                 286                2.86            0.672045            -0.68972
                 287                2.87            0.665148           -0.688985
                 288                2.88            0.658258           -0.688251
                 289                2.89            0.651375           -0.687516
                 290                 2.9              0.6445           -0.686783
                 291                2.91            0.637632           -0.686049
                 292                2.92            0.630772           -0.685316
                 293                2.93            0.623919           -0.684583
                 294                2.94            0.617073           -0.683851
                 295                2.95            0.610234           -0.683119
                 296                2.96            0.603403           -0.682388
                 297                2.97            0.596579           -0.681656
                 298                2.98            0.589763           -0.680926
                 299                2.99            0.582954           -0.680195
                 300                   3            0.576152           -0.679465
                 301                3.01            0.569357           -0.678735
                 302                3.02             0.56257           -0.678006
                 303                3.03             0.55579           -0.677277
                 304                3.04            0.549017           -0.676549
                 305                3.05            0.542251            -0.67582
                 306                3.06            0.535493           -0.675093
                 307                3.07            0.528742           -0.674365
                 308                3.08            0.521999           -0.673638
                 309                3.09            0.515262           -0.672912
                 310                 3.1            0.508533           -0.672186
                 311                3.11            0.501811            -0.67146
                 312                3.12            0.495097           -0.670734
                 313                3.13            0.488389            -0.67001
                 314                3.14            0.481689           -0.669285
                 315                3.15            0.474996           -0.668561
                 316                3.16            0.468311           -0.667837
                 317                3.17            0.461632           -0.667114
                 318                3.18            0.454961           -0.666391
                 319                3.19            0.448297           -0.665669
                 320                 3.2            0.441641           -0.664947
                 321                3.21            0.434991           -0.664225
                 322                3.22            0.428349           -0.663504
                 323                3.23            0.421714           -0.662784
                 324                3.24            0.415086           -0.662063
                 325                3.25            0.408465           -0.661344
                 326                3.26            0.401852           -0.660625
                 327                3.27            0.395246           -0.659906
                 328                3.28            0.388647           -0.659187
                 329                3.29            0.382055            -0.65847
                 330                 3.3             0.37547           -0.657752
                 331                3.31            0.368892           -0.657035
                 332                3.32            0.362322           -0.656319
                 333                3.33            0.355759           -0.655603
                 334                3.34            0.349203           -0.654888
                 335                3.35            0.342654           -0.654173
                 336                3.36            0.336112           -0.653458
                 337                3.37            0.329578           -0.652744
                 338                3.38             0.32305           -0.652031
                 339                3.39             0.31653           -0.651318
                 340                 3.4            0.310017           -0.650606
                 341                3.41            0.303511           -0.649894
                 342                3.42            0.297012           -0.649182
                 343                3.43             0.29052           -0.648472
                 344                3.44            0.284035           -0.647761
                 345                3.45            0.277558           -0.647052
                 346                3.46            0.271087           -0.646343
                 347                3.47            0.264624           -0.645634
                 348                3.48            0.258167           -0.644926
                 349                3.49            0.251718           -0.644219
                 350                 3.5            0.245276           -0.643512
                 351                3.51            0.238841           -0.642806
                 352                3.52            0.232413             -0.6421
                 353                3.53            0.225992           -0.641395
                 354                3.54            0.219578            -0.64069
                 355                3.55            0.213171           -0.639986
                 356                3.56            0.206771           -0.639283
                 357                3.57            0.200378            -0.63858
                 358                3.58            0.193992           -0.637878
                 359                3.59            0.187614           -0.637177
                 360                 3.6            0.181242           -0.636476
                 361                3.61            0.174877           -0.635776
                 362                3.62            0.168519           -0.635076
                 363                3.63            0.162169           -0.634377
                 364                3.64            0.155825           -0.633679
                 365                3.65            0.149488           -0.632981
                 366                3.66            0.143158           -0.632284
                 367                3.67            0.136835           -0.631588
                 368                3.68            0.130519           -0.630893
                 369                3.69            0.124211           -0.630198
                 370                 3.7            0.117909           -0.629504
                 371                3.71            0.111614            -0.62881
                 372                3.72            0.105325           -0.628117
                 373                3.73           0.0990443           -0.627425
                 374                3.74             0.09277           -0.626734
                 375                3.75           0.0865027           -0.626043
                 376                3.76           0.0802422           -0.625353
                 377                3.77           0.0739887           -0.624664
                 378                3.78           0.0677421           -0.623975
                 379                3.79           0.0615023           -0.623288
                 380                 3.8           0.0552694             -0.6226
                 381                3.81           0.0490434           -0.621914
                 382                3.82           0.0428243           -0.621229
                 383                3.83            0.036612           -0.620544
                 384                3.84           0.0304066            -0.61986
                 385                3.85            0.024208           -0.619177
                 386                3.86           0.0180162           -0.618495
                 387                3.87           0.0118313           -0.617813
                 388                3.88          0.00565312           -0.617132
                 389                3.89          -0.0005182           -0.616452
                 390                 3.9         -0.00668272           -0.615773
                 391                3.91          -0.0128405           -0.615095
                 392                3.92          -0.0189914           -0.614417
                 393                3.93          -0.0251356            -0.61374
                 394                3.94           -0.031273           -0.613064
                 395                3.95          -0.0374036           -0.612389
                 396                3.96          -0.0435275           -0.611715
                 397                3.97          -0.0496447           -0.611042
                 398                3.98          -0.0557551           -0.610369
                 399                3.99          -0.0618588           -0.609698
                 400                   4          -0.0679558           -0.609027
                 401                4.01           -0.074046           -0.608357
                 402                4.02          -0.0801296           -0.607688
                 403                4.03          -0.0862065            -0.60702
                 404                4.04          -0.0922767           -0.606353
                 405                4.05          -0.0983402           -0.605687
                 406                4.06           -0.104397           -0.605022
                 407                4.07           -0.110447           -0.604357
                 408                4.08           -0.116491           -0.603694
                 409                4.09           -0.122528           -0.603031
                 410                 4.1           -0.128558           -0.602369
                 411                4.11           -0.134582           -0.601709
                 412                4.12           -0.140599           -0.601049
                 413                4.13           -0.146609            -0.60039
                 414                4.14           -0.152613           -0.599732
                 415                4.15           -0.158611           -0.599076
                 416                4.16           -0.164601            -0.59842
                 417                4.17           -0.170586           -0.597765
                 418                4.18           -0.176563           -0.597111
                 419                4.19           -0.182534           -0.596458
                 420                 4.2           -0.188499           -0.595806
                 421                4.21           -0.194457           -0.595155
                 422                4.22           -0.200409           -0.594505
                 423                4.23           -0.206354           -0.593857
                 424                4.24           -0.212292           -0.593209
                 425                4.25           -0.218224           -0.592562
                 426                4.26            -0.22415           -0.591916
                 427                4.27           -0.230069           -0.591271
                 428                4.28           -0.235982           -0.590628
                 429                4.29           -0.241888           -0.589985
                 430                 4.3           -0.247788           -0.589344
                 431                4.31           -0.253681           -0.588703
                 432                4.32           -0.259568           -0.588064
                 433                4.33           -0.265449           -0.587426
                 434                4.34           -0.271323           -0.586788
                 435                4.35           -0.277191           -0.586152
                 436                4.36           -0.283053           -0.585517
                 437                4.37           -0.288908           -0.584883
                 438                4.38           -0.294757            -0.58425
                 439                4.39           -0.300599           -0.583619
                 440                 4.4           -0.306435           -0.582988
                 441                4.41           -0.312265           -0.582359
                 442                4.42           -0.318089            -0.58173
                 443                4.43           -0.323906           -0.581103
                 444                4.44           -0.329717           -0.580477
                 445                4.45           -0.335522           -0.579852
                 446                4.46            -0.34132           -0.579229
                 447                4.47           -0.347113           -0.578606
                 448                4.48           -0.352899           -0.577985
                 449                4.49           -0.358679           -0.577365
                 450                 4.5           -0.364452           -0.576746
                 451                4.51            -0.37022           -0.576128
                 452                4.52           -0.375981           -0.575511
                 453                4.53           -0.381736           -0.574896
                 454                4.54           -0.387485           -0.574282
                 455                4.55           -0.393228           -0.573669
                 456                4.56           -0.398965           -0.573057
                 457                4.57           -0.404695           -0.572446
                 458                4.58            -0.41042           -0.571837
                 459                4.59           -0.416138           -0.571229
                 460                 4.6            -0.42185           -0.570622
                 461                4.61           -0.427556           -0.570017
                 462                4.62           -0.433257           -0.569412
                 463                4.63           -0.438951           -0.568809
                 464                4.64           -0.444639           -0.568207
                 465                4.65           -0.450321           -0.567607
                 466                4.66           -0.455997           -0.567007
                 467                4.67           -0.461667           -0.566409
                 468                4.68           -0.467331           -0.565813
                 469                4.69           -0.472989           -0.565217
                 470                 4.7           -0.478641           -0.564623
                 471                4.71           -0.484288            -0.56403
                 472                4.72           -0.489928           -0.563439
                 473                4.73           -0.495562           -0.562849
                 474                4.74           -0.501191            -0.56226
                 475                4.75           -0.506813           -0.561672
                 476                4.76            -0.51243           -0.561086
                 477                4.77           -0.518041           -0.560501
                 478                4.78           -0.523646           -0.559917
                 479                4.79           -0.529245           -0.559335
                 480                 4.8           -0.534839           -0.558754
                 481                4.81           -0.540426           -0.558175
                 482                4.82           -0.546008           -0.557597
                 483                4.83           -0.551584            -0.55702
                 484                4.84           -0.557154           -0.556444
                 485                4.85           -0.562719            -0.55587
                 486                4.86           -0.568277           -0.555298
                 487                4.87            -0.57383           -0.554726
                 488                4.88           -0.579377           -0.554156
                 489                4.89           -0.584919           -0.553588
                 490                 4.9           -0.590455           -0.553021
                 491                4.91           -0.595985           -0.552455
                 492                4.92            -0.60151           -0.551891
                 493                4.93           -0.607029           -0.551328
                 494                4.94           -0.612542           -0.550766
                 495                4.95           -0.618049           -0.550206
                 496                4.96           -0.623552           -0.549647
                 497                4.97           -0.629048            -0.54909
                 498                4.98           -0.634539           -0.548534
                 499                4.99           -0.640024            -0.54798
                 500                   5           -0.645504           -0.547427
                 501                5.01           -0.650978           -0.546876
                 502                5.02           -0.656447           -0.546326
                 503                5.03            -0.66191           -0.545777
                 504                5.04           -0.667368            -0.54523
                 505                5.05            -0.67282           -0.544684
                 506                5.06           -0.678267            -0.54414
                 507                5.07           -0.683709           -0.543597
                 508                5.08           -0.689145           -0.543056
                 509                5.09           -0.694575           -0.542516
                 510                 5.1                -0.7           -0.541978
                 511                5.11            -0.70542           -0.541441
                 512                5.12           -0.710835           -0.540906
                 513                5.13           -0.716244           -0.540372
                 514                5.14           -0.721647            -0.53984
                 515                5.15           -0.727046           -0.539309
                 516                5.16           -0.732439            -0.53878
                 517                5.17           -0.737827           -0.538252
                 518                5.18           -0.743209           -0.537726
                 519                5.19           -0.748586           -0.537201
                 520                 5.2           -0.753958           -0.536678
                 521                5.21           -0.759325           -0.536156
                 522                5.22           -0.764687           -0.535636
                 523                5.23           -0.770043           -0.535117
                 524                5.24           -0.775394             -0.5346
                 525                5.25            -0.78074           -0.534085
                 526                5.26           -0.786081           -0.533571
                 527                5.27           -0.791417           -0.533058
                 528                5.28           -0.796747           -0.532547
                 529                5.29           -0.802073           -0.532038
                 530                 5.3           -0.807393            -0.53153
                 531                5.31           -0.812709           -0.531024
                 532                5.32           -0.818019           -0.530519
                 533                5.33           -0.823324           -0.530016
                 534                5.34           -0.828624           -0.529515
                 535                5.35           -0.833919           -0.529015
                 536                5.36           -0.839209           -0.528517
                 537                5.37           -0.844495            -0.52802
                 538                5.38           -0.849775           -0.527525
                 539                5.39            -0.85505           -0.527031
                 540                 5.4            -0.86032           -0.526539
                 541                5.41           -0.865586           -0.526049
                 542                5.42           -0.870846            -0.52556
                 543                5.43           -0.876102           -0.525073
                 544                5.44           -0.881353           -0.524587
                 545                5.45           -0.886598           -0.524103
                 546                5.46            -0.89184           -0.523621
                 547                5.47           -0.897076            -0.52314
                 548                5.48           -0.902307           -0.522661
                 549                5.49           -0.907534           -0.522183
                 550                 5.5           -0.912756           -0.521707
                 551                5.51           -0.917973           -0.521233
                 552                5.52           -0.923185           -0.520761
                 553                5.53           -0.928393           -0.520289
                 554                5.54           -0.933595            -0.51982
                 555                5.55           -0.938794           -0.519352
                 556                5.56           -0.943987           -0.518886
                 557                5.57           -0.949176           -0.518422
                 558                5.58            -0.95436           -0.517959
                 559                5.59            -0.95954           -0.517498
                 560                 5.6           -0.964715           -0.517038
                 561                5.61           -0.969885            -0.51658
                 562                5.62           -0.975051           -0.516124
                 563                5.63           -0.980212           -0.515669
                 564                5.64           -0.985369           -0.515217
                 565                5.65           -0.990521           -0.514765
                 566                5.66           -0.995669           -0.514316
                 567                5.67            -1.00081           -0.513868
                 568                5.68            -1.00595           -0.513421
                 569                5.69            -1.01108           -0.512977
                 570                 5.7            -1.01621           -0.512534
                 571                5.71            -1.02134           -0.512093
                 572                5.72            -1.02646           -0.511653
                 573                5.73            -1.03158           -0.511215
                 574                5.74            -1.03669           -0.510779
                 575                5.75             -1.0418           -0.510344
                 576                5.76             -1.0469           -0.509911
                 577                5.77              -1.052            -0.50948
                 578                5.78            -1.05709           -0.509051
                 579                5.79            -1.06219           -0.508623
                 580                 5.8            -1.06727           -0.508197
                 581                5.81            -1.07235           -0.507772
                 582                5.82            -1.07743            -0.50735
                 583                5.83             -1.0825           -0.506929
                 584                5.84            -1.08757           -0.506509
                 585                5.85            -1.09264           -0.506092
                 586                5.86             -1.0977           -0.505676
                 587                5.87            -1.10276           -0.505261
                 588                5.88            -1.10781           -0.504849
                 589                5.89            -1.11286           -0.504438
                 590                 5.9             -1.1179           -0.504029
                 591                5.91            -1.12294           -0.503621
                 592                5.92            -1.12798           -0.503216
                 593                5.93            -1.13301           -0.502812
                 594                5.94            -1.13804           -0.502409
                 595                5.95            -1.14306           -0.502009
                 596                5.96            -1.14808            -0.50161
                 597                5.97             -1.1531           -0.501213
                 598                5.98            -1.15811           -0.500817
                 599                5.99            -1.16312           -0.500424
                 600                   6            -1.16812           -0.500032
                 601                6.01            -1.17312           -0.499642
                 602                6.02            -1.17812           -0.499253
                 603                6.03            -1.18311           -0.498866
                 604                6.04             -1.1881           -0.498481
                 605                6.05            -1.19309           -0.498098
                 606                6.06            -1.19807           -0.497716
                 607                6.07            -1.20304           -0.497336
                 608                6.08            -1.20802           -0.496958
                 609                6.09            -1.21299           -0.496582
                 610                 6.1            -1.21795           -0.496207
                 611                6.11            -1.22292           -0.495834
                 612                6.12            -1.22787           -0.495463
                 613                6.13            -1.23283           -0.495093
                 614                6.14            -1.23778           -0.494725
                 615                6.15            -1.24273           -0.494359
                 616                6.16            -1.24767           -0.493995
                 617                6.17            -1.25261           -0.493633
                 618                6.18            -1.25755           -0.493272
                 619                6.19            -1.26248           -0.492913
                 620                 6.2            -1.26741           -0.492555
                 621                6.21            -1.27233             -0.4922
                 622                6.22            -1.27726           -0.491846
                 623                6.23            -1.28217           -0.491494
                 624                6.24            -1.28709           -0.491143
                 625                6.25              -1.292           -0.490795
                 626                6.26            -1.29691           -0.490448
                 627                6.27            -1.30181           -0.490103
                 628                6.28            -1.30671           -0.489759
                 629                6.29            -1.31161           -0.489418
                 630                 6.3            -1.31651           -0.489078
                 631                6.31             -1.3214            -0.48874
                 632                6.32            -1.32628           -0.488403
                 633                6.33            -1.33117           -0.488068
                 634                6.34            -1.33605           -0.487736
                 635                6.35            -1.34093           -0.487404
                 636                6.36             -1.3458           -0.487075
                 637                6.37            -1.35067           -0.486747
                 638                6.38            -1.35554           -0.486421
                 639                6.39             -1.3604           -0.486097
                 640                 6.4            -1.36526           -0.485775
                 641                6.41            -1.37012           -0.485454
                 642                6.42            -1.37498           -0.485135
                 643                6.43            -1.37983           -0.484818
                 644                6.44            -1.38468           -0.484503
                 645                6.45            -1.38952           -0.484189
                 646                6.46            -1.39436           -0.483877
                 647                6.47             -1.3992           -0.483567
                 648                6.48            -1.40404           -0.483258
                 649                6.49            -1.40887           -0.482952
                 650                 6.5             -1.4137           -0.482647
                 651                6.51            -1.41853           -0.482344
                 652                6.52            -1.42335           -0.482042
                 653                6.53            -1.42817           -0.481743
                 654                6.54            -1.43299           -0.481445
                 655                6.55             -1.4378           -0.481149
                 656                6.56            -1.44261           -0.480854
                 657                6.57            -1.44742           -0.480561
                 658                6.58            -1.45223           -0.480271
                 659                6.59            -1.45703           -0.479981
                 660                 6.6            -1.46183           -0.479694
                 661                6.61            -1.46663           -0.479408
                 662                6.62            -1.47142           -0.479124
                 663                6.63            -1.47621           -0.478842
                 664                6.64              -1.481           -0.478562
                 665                6.65            -1.48579           -0.478283
                 666                6.66            -1.49057           -0.478006
                 667                6.67            -1.49535           -0.477731
                 668                6.68            -1.50013           -0.477458
                 669                6.69             -1.5049           -0.477186
                 670                 6.7            -1.50967           -0.476916
                 671                6.71            -1.51444           -0.476648
                 672                6.72            -1.51921           -0.476382
                 673                6.73            -1.52397           -0.476117
                 674                6.74            -1.52873           -0.475854
                 675                6.75            -1.53349           -0.475593
                 676                6.76            -1.53825           -0.475333
                 677                6.77              -1.543           -0.475076
                 678                6.78            -1.54775            -0.47482
                 679                6.79             -1.5525           -0.474565
                 680                 6.8            -1.55725           -0.474313
                 681                6.81            -1.56199           -0.474062
                 682                6.82            -1.56673           -0.473813
                 683                6.83            -1.57147           -0.473566
                 684                6.84             -1.5762            -0.47332
                 685                6.85            -1.58094           -0.473077
                 686                6.86            -1.58567           -0.472835
                 687                6.87             -1.5904           -0.472594
                 688                6.88            -1.59512           -0.472356
                 689                6.89            -1.59984           -0.472119
                 690                 6.9            -1.60457           -0.471884
                 691                6.91            -1.60928           -0.471651
                 692                6.92              -1.614           -0.471419
                 693                6.93            -1.61872           -0.471189
                 694                6.94            -1.62343           -0.470961
                 695                6.95            -1.62814           -0.470735
                 696                6.96            -1.63284            -0.47051
                 697                6.97            -1.63755           -0.470287
                 698                6.98            -1.64225           -0.470066
                 699                6.99            -1.64695           -0.469846
                 700                   7            -1.65165           -0.469629
                 701                7.01            -1.65635           -0.469413
                 702                7.02            -1.66104           -0.469198
                 703                7.03            -1.66573           -0.468986
                 704                7.04            -1.67042           -0.468775
                 705                7.05            -1.67511           -0.468566
                 706                7.06             -1.6798           -0.468358
                 707                7.07            -1.68448           -0.468153
                 708                7.08            -1.68916           -0.467949
                 709                7.09            -1.69384           -0.467746
                 710                 7.1            -1.69852           -0.467546
                 711                7.11            -1.70319           -0.467347
                 712                7.12            -1.70787            -0.46715
                 713                7.13            -1.71254           -0.466955
                 714                7.14            -1.71721           -0.466761
                 715                7.15            -1.72188           -0.466569
                 716                7.16            -1.72654           -0.466379
                 717                7.17            -1.73121            -0.46619
                 718                7.18            -1.73587           -0.466003
                 719                7.19            -1.74053           -0.465818
                 720                 7.2            -1.74519           -0.465635
                 721                7.21            -1.74984           -0.465453
                 722                7.22             -1.7545           -0.465273
                 723                7.23            -1.75915           -0.465095
                 724                7.24             -1.7638           -0.464918
                 725                7.25            -1.76845           -0.464744
                 726                7.26             -1.7731            -0.46457
                 727                7.27            -1.77774           -0.464399
                 728                7.28            -1.78239           -0.464229
                 729                7.29            -1.78703           -0.464061
                 730                 7.3            -1.79167           -0.463895
                 731                7.31            -1.79631            -0.46373
                 732                7.32            -1.80095           -0.463567
                 733                7.33            -1.80558           -0.463406
                 734                7.34            -1.81022           -0.463246
                 735                7.35            -1.81485           -0.463088
                 736                7.36            -1.81948           -0.462932
                 737                7.37            -1.82411           -0.462777
                 738                7.38            -1.82874           -0.462625
                 739                7.39            -1.83336           -0.462473
                 740                 7.4            -1.83799           -0.462324
                 741                7.41            -1.84261           -0.462176
                 742                7.42            -1.84723            -0.46203
                 743                7.43            -1.85185           -0.461885
                 744                7.44            -1.85647           -0.461743
                 745                7.45            -1.86109           -0.461602
                 746                7.46             -1.8657           -0.461462
                 747                7.47            -1.87032           -0.461324
                 748                7.48            -1.87493           -0.461188
                 749                7.49            -1.87954           -0.461054
                 750                 7.5            -1.88416           -0.460921
                 751                7.51            -1.88876            -0.46079
                 752                7.52            -1.89337            -0.46066
                 753                7.53            -1.89798           -0.460533
                 754                7.54            -1.90258           -0.460407
                 755                7.55            -1.90719           -0.460282
                 756                7.56            -1.91179           -0.460159
                 757                7.57            -1.91639           -0.460038
                 758                7.58            -1.92099           -0.459919
                 759                7.59            -1.92559           -0.459801
                 760                 7.6            -1.93019           -0.459685
                 761                7.61            -1.93479            -0.45957
                 762                7.62            -1.93938           -0.459457
                 763                7.63            -1.94398           -0.459346
                 764                7.64            -1.94857           -0.459236
                 765                7.65            -1.95316           -0.459129
                 766                7.66            -1.95775           -0.459022
                 767                7.67            -1.96234           -0.458918
                 768                7.68            -1.96693           -0.458815
                 769                7.69            -1.97152           -0.458713
                 770                 7.7            -1.97611           -0.458613
                 771                7.71             -1.9807           -0.458515
                 772                7.72            -1.98528           -0.458419
                 773                7.73            -1.98986           -0.458324
                 774                7.74            -1.99445           -0.458231
                 775                7.75            -1.99903           -0.458139
                 776                7.76            -2.00361           -0.458049
                 777                7.77            -2.00819           -0.457961
                 778                7.78            -2.01277           -0.457874
                 779                7.79            -2.01735           -0.457789
                 780                 7.8            -2.02193           -0.457705
                 781                7.81            -2.02651           -0.457623
                 782                7.82            -2.03108           -0.457543
                 783                7.83            -2.03566           -0.457464
                 784                7.84            -2.04023           -0.457387
                 785                7.85            -2.04481           -0.457312
                 786                7.86            -2.04938           -0.457238
                 787                7.87            -2.05395           -0.457166
                 788                7.88            -2.05852           -0.457095
                 789                7.89            -2.06309           -0.457026
                 790                 7.9            -2.06766           -0.456958
                 791                7.91            -2.07223           -0.456892
                 792                7.92             -2.0768           -0.456828
                 793                7.93            -2.08137           -0.456765
                 794                7.94            -2.08594           -0.456704
                 795                7.95            -2.09051           -0.456645
                 796                7.96            -2.09507           -0.456587
                 797                7.97            -2.09964           -0.456531
                 798                7.98             -2.1042           -0.456476
                 799                7.99            -2.10877           -0.456423
                 800                   8            -2.11333           -0.456371
                 801                8.01             -2.1179           -0.456321
                 802                8.02            -2.12246           -0.456272
                 803                8.03            -2.12702           -0.456226
                 804                8.04            -2.13158            -0.45618
                 805                8.05            -2.13615           -0.456136
                 806                8.06            -2.14071           -0.456094
                 807                8.07            -2.14527           -0.456054
                 808                8.08            -2.14983           -0.456015
                 809                8.09            -2.15439           -0.455977
                 810                 8.1            -2.15895           -0.455941
                 811                8.11            -2.16351           -0.455907
                 812                8.12            -2.16807           -0.455874
                 813                8.13            -2.17263           -0.455842
                 814                8.14            -2.17718           -0.455813
                 815                8.15            -2.18174           -0.455784
                 816                8.16             -2.1863           -0.455758
                 817                8.17            -2.19086           -0.455733
                 818                8.18            -2.19541           -0.455709
                 819                8.19            -2.19997           -0.455687
                 820                 8.2            -2.20453           -0.455666
                 821                8.21            -2.20909           -0.455647
                 822                8.22            -2.21364            -0.45563
                 823                8.23             -2.2182           -0.455614
                 824                8.24            -2.22275           -0.455599
                 825                8.25            -2.22731           -0.455586
                 826                8.26            -2.23187           -0.455575
                 827                8.27            -2.23642           -0.455565
                 828                8.28            -2.24098           -0.455557
                 829                8.29            -2.24553            -0.45555
                 830                 8.3            -2.25009           -0.455545
                 831                8.31            -2.25464           -0.455541
                 832                8.32             -2.2592           -0.455538
                 833                8.33            -2.26376           -0.455538
                 834                8.34            -2.26831           -0.455538
                 835                8.35            -2.27287            -0.45554
                 836                8.36            -2.27742           -0.455544
                 837                8.37            -2.28198           -0.455549
                 838                8.38            -2.28653           -0.455556
                 839                8.39            -2.29109           -0.455564
                 840                 8.4            -2.29564           -0.455574
                 841                8.41             -2.3002           -0.455585
                 842                8.42            -2.30475           -0.455597
                 843                8.43            -2.30931           -0.455611
                 844                8.44            -2.31387           -0.455627
                 845                8.45            -2.31842           -0.455644
                 846                8.46            -2.32298           -0.455662
                 847                8.47            -2.32754           -0.455682
                 848                8.48            -2.33209           -0.455704
                 849                8.49            -2.33665           -0.455727
                 850                 8.5            -2.34121           -0.455751
                 851                8.51            -2.34577           -0.455777
                 852                8.52            -2.35032           -0.455804
                 853                8.53            -2.35488           -0.455833
                 854                8.54            -2.35944           -0.455863
                 855                8.55              -2.364           -0.455894
                 856                8.56            -2.36856           -0.455927
                 857                8.57            -2.37312           -0.455962
                 858                8.58            -2.37768           -0.455998
                 859                8.59            -2.38224           -0.456035
                 860                 8.6             -2.3868           -0.456074
                 861                8.61            -2.39136           -0.456114
                 862                8.62            -2.39592           -0.456156
                 863                8.63            -2.40048           -0.456199
                 864                8.64            -2.40504           -0.456243
                 865                8.65             -2.4096           -0.456289
                 866                8.66            -2.41417           -0.456337
                 867                8.67            -2.41873           -0.456385
                 868                8.68            -2.42329           -0.456436
                 869                8.69            -2.42786           -0.456487
                 870                 8.7            -2.43242            -0.45654
                 871                8.71            -2.43699           -0.456595
                 872                8.72            -2.44155            -0.45665
                 873                8.73            -2.44612           -0.456708
                 874                8.74            -2.45069           -0.456766
                 875                8.75            -2.45526           -0.456826
                 876                8.76            -2.45982           -0.456888
                 877                8.77            -2.46439            -0.45695
                 878                8.78            -2.46896           -0.457014
                 879                8.79            -2.47353            -0.45708
                 880                 8.8             -2.4781           -0.457147
                 881                8.81            -2.48267           -0.457215
                 882                8.82            -2.48725           -0.457285
                 883                8.83            -2.49182           -0.457356
                 884                8.84            -2.49639           -0.457428
                 885                8.85            -2.50097           -0.457502
                 886                8.86            -2.50554           -0.457577
                 887                8.87            -2.51012           -0.457653
                 888                8.88            -2.51469           -0.457731
                 889                8.89            -2.51927            -0.45781
                 890                 8.9            -2.52385           -0.457891
                 891                8.91            -2.52843           -0.457973
                 892                8.92            -2.53301           -0.458056
                 893                8.93            -2.53759           -0.458141
                 894                8.94            -2.54217           -0.458227
                 895                8.95            -2.54675           -0.458314
                 896                8.96            -2.55134           -0.458402
                 897                8.97            -2.55592           -0.458492
                 898                8.98            -2.56051           -0.458583
                 899                8.99            -2.56509           -0.458676
                 900                   9            -2.56968            -0.45877
                 901                9.01            -2.57427           -0.458865
                 902                9.02            -2.57885           -0.458961
                 903                9.03            -2.58344           -0.459059
                 904                9.04            -2.58803           -0.459158
                 905                9.05            -2.59263           -0.459259
                 906                9.06            -2.59722           -0.459361
                 907                9.07            -2.60181           -0.459464
                 908                9.08            -2.60641           -0.459568
                 909                9.09              -2.611           -0.459673
                 910                 9.1             -2.6156            -0.45978
                 911                9.11             -2.6202           -0.459888
                 912                9.12             -2.6248           -0.459998
                 913                9.13             -2.6294           -0.460109
                 914                9.14              -2.634           -0.460221
                 915                9.15             -2.6386           -0.460334
                 916                9.16             -2.6432           -0.460448
                 917                9.17            -2.64781           -0.460564
                 918                9.18            -2.65241           -0.460681
                 919                9.19            -2.65702             -0.4608
                 920                 9.2            -2.66163           -0.460919
                 921                9.21            -2.66624            -0.46104
                 922                9.22            -2.67085           -0.461162
                 923                9.23            -2.67546           -0.461286
                 924                9.24            -2.68007            -0.46141
                 925                9.25            -2.68469           -0.461536
                 926                9.26             -2.6893           -0.461663
                 927                9.27            -2.69392           -0.461791
                 928                9.28            -2.69854           -0.461921
                 929                9.29            -2.70315           -0.462052
                 930                 9.3            -2.70778           -0.462184
                 931                9.31             -2.7124           -0.462317
                 932                9.32            -2.71702           -0.462451
                 933                9.33            -2.72164           -0.462587
                 934                9.34            -2.72627           -0.462724
                 935                9.35             -2.7309           -0.462862
                 936                9.36            -2.73553           -0.463001
                 937                9.37            -2.74016           -0.463141
                 938                9.38            -2.74479           -0.463283
                 939                9.39            -2.74942           -0.463426
                 940                 9.4            -2.75406            -0.46357
                 941                9.41            -2.75869           -0.463715
                 942                9.42            -2.76333           -0.463861
                 943                9.43            -2.76797           -0.464009
                 944                9.44            -2.77261           -0.464158
                 945                9.45            -2.77725           -0.464308
                 946                9.46            -2.78189           -0.464459
                 947                9.47            -2.78654           -0.464611
                 948                9.48            -2.79118           -0.464764
                 949                9.49            -2.79583           -0.464919
                 950                 9.5            -2.80048           -0.465075
                 951                9.51            -2.80513           -0.465232
                 952                9.52            -2.80978            -0.46539
                 953                9.53            -2.81444           -0.465549
                 954                9.54            -2.81909           -0.465709
                 955                9.55            -2.82375           -0.465871
                 956                9.56            -2.82841           -0.466033
                 957                9.57            -2.83307           -0.466197
                 958                9.58            -2.83773           -0.466362
                 959                9.59            -2.84239           -0.466528
                 960                 9.6            -2.84706           -0.466695
                 961                9.61            -2.85173           -0.466863
                 962                9.62            -2.85639           -0.467032
                 963                9.63            -2.86106           -0.467202
                 964                9.64            -2.86574           -0.467374
                 965                9.65            -2.87041           -0.467547
                 966                9.66            -2.87509            -0.46772
                 967                9.67            -2.87976           -0.467895
                 968                9.68            -2.88444           -0.468071
                 969                9.69            -2.88912           -0.468248
                 970                 9.7             -2.8938           -0.468426
                 971                9.71            -2.89849           -0.468605
                 972                9.72            -2.90318           -0.468785
                 973                9.73            -2.90786           -0.468967
                 974                9.74            -2.91255           -0.469149
                 975                9.75            -2.91724           -0.469332
                 976                9.76            -2.92194           -0.469517
                 977                9.77            -2.92663           -0.469702
                 978                9.78            -2.93133           -0.469889
                 979                9.79            -2.93603           -0.470076
                 980                 9.8            -2.94073           -0.470265
                 981                9.81            -2.94543           -0.470455
                 982                9.82            -2.95014           -0.470645
                 983                9.83            -2.95484           -0.470837
                 984                9.84            -2.95955            -0.47103
                 985                9.85            -2.96426           -0.471224
                 986                9.86            -2.96897           -0.471419
                 987                9.87            -2.97369           -0.471614
                 988                9.88             -2.9784           -0.471811
                 989                9.89            -2.98312           -0.472009
                 990                 9.9            -2.98784           -0.472208
                 991                9.91            -2.99256           -0.472408
                 992                9.92            -2.99729           -0.472609
                 993                9.93            -3.00201            -0.47281
                 994                9.94            -3.00674           -0.473013
                 995                9.95            -3.01147           -0.473217
                 996                9.96             -3.0162           -0.473422
                 997                9.97            -3.02094           -0.473628
                 998                9.98            -3.02568           -0.473834
                 999                9.99            -3.03041           -0.474042
                1000                  10            -3.03515           -0.474251
                1001               10.01             -3.0399           -0.474461
                1002               10.02            -3.04464           -0.474671
                1003               10.03            -3.04939           -0.474883
                1004               10.04            -3.05414           -0.475095
                1005               10.05            -3.05889           -0.475309
                1006               10.06            -3.06364           -0.475523
                1007               10.07             -3.0684           -0.475738
                1008               10.08            -3.07315           -0.475955
                1009               10.09            -3.07791           -0.476172
                1010                10.1            -3.08267            -0.47639
                1011               10.11            -3.08744           -0.476609
                1012               10.12             -3.0922           -0.476829
                1013               10.13            -3.09697            -0.47705
                1014               10.14            -3.10174           -0.477271
                1015               10.15            -3.10652           -0.477494
                1016               10.16            -3.11129           -0.477718
                1017               10.17            -3.11607           -0.477942
                1018               10.18            -3.12085           -0.478168
                1019               10.19            -3.12563           -0.478394
                1020                10.2            -3.13041           -0.478621
                1021               10.21             -3.1352           -0.478849
                1022               10.22            -3.13999           -0.479078
                1023               10.23            -3.14478           -0.479308
                1024               10.24            -3.14957           -0.479538
                1025               10.25            -3.15437            -0.47977
                1026               10.26            -3.15917           -0.480002
                1027               10.27            -3.16397           -0.480235
                1028               10.28            -3.16877           -0.480469
                1029               10.29            -3.17357           -0.480704
                1030                10.3            -3.17838            -0.48094
                1031               10.31            -3.18319           -0.481176
                1032               10.32              -3.188           -0.481414
                1033               10.33            -3.19281           -0.481652
                1034               10.34            -3.19763           -0.481891
                1035               10.35            -3.20245           -0.482131
                1036               10.36            -3.20727           -0.482372
                1037               10.37            -3.21209           -0.482613
                1038               10.38            -3.21692           -0.482856
                1039               10.39            -3.22175           -0.483099
                1040                10.4            -3.22658           -0.483343
                1041               10.41            -3.23141           -0.483587
                1042               10.42            -3.23625           -0.483833
                1043               10.43            -3.24109           -0.484079
                1044               10.44            -3.24593           -0.484326
                1045               10.45            -3.25077           -0.484574
                1046               10.46            -3.25562           -0.484823
                1047               10.47            -3.26047           -0.485072
                1048               10.48            -3.26532           -0.485322
                1049               10.49            -3.27017           -0.485573
                1050                10.5            -3.27503           -0.485825
                1051               10.51            -3.27988           -0.486077
                1052               10.52            -3.28474            -0.48633
                1053               10.53            -3.28961           -0.486584
                1054               10.54            -3.29447           -0.486839
                1055               10.55            -3.29934           -0.487094
                1056               10.56            -3.30421            -0.48735
                1057               10.57            -3.30909           -0.487607
                1058               10.58            -3.31396           -0.487865
                1059               10.59            -3.31884           -0.488123
                1060                10.6            -3.32372           -0.488382
                1061               10.61            -3.32861           -0.488642
                1062               10.62            -3.33349           -0.488902
                1063               10.63            -3.33838           -0.489163
                1064               10.64            -3.34327           -0.489425
                1065               10.65            -3.34817           -0.489688
                1066               10.66            -3.35306           -0.489951
                1067               10.67            -3.35796           -0.490215
                1068               10.68            -3.36287           -0.490479
                1069               10.69            -3.36777           -0.490745
                1070                10.7            -3.37268           -0.491011
# Sphere and interface collide
