            IntervalRadial            Vertical          Radial_vel        Vertical_vel
                   0                   0           -0.888976
                   1            0.152411           -0.886653
                   2            0.304682           -0.879709
                   3            0.456681           -0.868269
                   4            0.608295            -0.85253
                   5            0.759436           -0.832758
                   6            0.910047            -0.80929
                   7             1.06011           -0.782526
                   8             1.20963           -0.752917
                   9             1.35867           -0.720959
                  10             1.50731           -0.687179
                  11             1.65566            -0.65212
                  12             1.80382           -0.616321
                  13             1.95193           -0.580306
                  14             2.10011           -0.544558
                  15             2.24846           -0.509507
                  16             2.39705           -0.475516
                  17             2.54594           -0.442875
                  18             2.69517           -0.411794
                  19             2.84474           -0.382412
                  20             2.99464           -0.354803
                  21             3.14487           -0.328987
                  22             3.29539           -0.304944
                  23             3.44618           -0.282621
                  24              3.5972           -0.261946
                  25             3.74842           -0.242835
                  26             3.89983           -0.225194
                  27             4.05139            -0.20893
                  28             4.20308           -0.193948
                  29             4.35488           -0.180155
                  30             4.50678           -0.167459
                  31             4.65876           -0.155776
                  32             4.81081           -0.145023
                  33             4.96292           -0.135123
                  34             5.11507           -0.126003
                  35             5.26727           -0.117596
                  36              5.4195           -0.109842
                  37             5.57176           -0.102684
                  38             5.72404          -0.0960702
                  39             5.87635          -0.0899546
                  40             6.02867          -0.0842948
                  41             6.18101          -0.0790523
                  42             6.33336          -0.0741922
                  43             6.48573          -0.0696828
                  44              6.6381          -0.0654954
                  45             6.79048          -0.0616039
                  46             6.94286          -0.0579843
                  47             7.09525          -0.0546151
                  48             7.24765          -0.0514766
                  49             7.40005          -0.0485508
                  50             7.55246          -0.0458217
                  51             7.70486          -0.0432741
                  52             7.85727          -0.0408947
                  53             8.00969           -0.038671
                  54              8.1621          -0.0365918
                  55             8.31452          -0.0346468
                  56             8.46694          -0.0328264
                  57             8.61935          -0.0311222
                  58             8.77178           -0.029526
                  59              8.9242          -0.0280307
                  60             9.07662          -0.0266295
                  61             9.22904          -0.0253163
                  62             9.38147          -0.0240854
                  63             9.53389          -0.0229317
                  64             9.68632          -0.0218505
                  65             9.83874          -0.0208371
                  66             9.99117          -0.0198875
                  67             10.1436           -0.018998
                  68              10.296          -0.0181652
                  69             10.4484          -0.0173863
                  70             10.6009          -0.0166584
                  71             10.7533           -0.015979
                  72             10.9057          -0.0153453
                  73             11.0582          -0.0147549
                  74             11.2106          -0.0142059
                  75              11.363          -0.0136962
                  76             11.5154          -0.0132241
                  77             11.6679          -0.0127882
                  78             11.8203           -0.012387
                  79             11.9727          -0.0120193
                  80             12.1252          -0.0116832
                  81             12.2776          -0.0113776
                  82               12.43          -0.0111028
                  83             12.5824          -0.0108645
                  84             12.7349          -0.0106636
                  85             12.8873          -0.0104978
                  86             13.0397          -0.0103587
                  87             13.1922          -0.0102456
                  88             13.3446          -0.0101581
                  89              13.497          -0.0100963
                  90             13.6494          -0.0100613
                  91             13.8019          -0.0100546
                  92             13.9543          -0.0100783
                  93             14.1067          -0.0101352
                  94             14.2592            -0.01023
                  95             14.4116          -0.0103696
                  96              14.564          -0.0105641
                  97             14.7164          -0.0108254
                  98             14.8689          -0.0111874
                  99             15.0213          -0.0117465
