            IntervalRadial            Vertical          Radial_vel        Vertical_vel
                   0                   0            -1.92866
                   1            0.154159            -1.91883
                   2            0.305981            -1.89034
                   3            0.453561            -1.84471
                   4              0.5954            -1.78353
                   5            0.730626            -1.70886
                   6             0.85927            -1.62334
                   7            0.983099              -1.531
                   8             1.10656            -1.43816
                   9             1.23574            -1.35346
                  10              1.3743            -1.28517
                  11             1.52054            -1.23543
                  12             1.67081            -1.19964
                  13             1.82266            -1.17129
                  14             1.97485            -1.14482
                  15             2.12666            -1.11628
                  16             2.27759            -1.08341
                  17             2.42735            -1.04554
                  18             2.57593            -1.00326
                  19             2.72367           -0.958176
                  20             2.87127           -0.912598
                  21             3.01953           -0.869241
                  22             3.16915           -0.830849
                  23             3.32045            -0.79966
                  24             3.47317           -0.776509
                  25             3.62677           -0.760088
                  26             3.78071           -0.747328
                  27             3.93468           -0.734863
                  28             4.08847           -0.720353
                  29             4.24195           -0.702868
                  30             4.39508           -0.682544
                  31             4.54792           -0.660165
                  32             4.70063           -0.636863
                  33             4.85339           -0.613918
                  34             5.00637           -0.592531
                  35             5.15968           -0.573638
                  36             5.31334           -0.557749
                  37             5.46727           -0.544843
                  38             5.62138           -0.534331
                  39             5.77558           -0.525158
                  40             5.92979           -0.516091
                  41             6.08394            -0.50614
                  42               6.238           -0.494862
                  43             6.39197           -0.482387
                  44             6.54587           -0.469216
                  45             6.69978           -0.455964
                  46             6.85372           -0.443192
                  47             7.00774            -0.43133
                  48             7.16184           -0.420635
                  49             7.31602           -0.411172
                  50             7.47027           -0.402817
                  51             7.62455           -0.395288
                  52             7.77886           -0.388198
                  53             7.93317           -0.381146
                  54             8.08747            -0.37382
                  55             8.24175           -0.366093
                  56             8.39601           -0.358031
                  57             8.55027           -0.349834
                  58             8.70453           -0.341755
                  59             8.85881           -0.334015
                  60             9.01311           -0.326755
                  61             9.16743           -0.320024
                  62             9.32178           -0.313795
                  63             9.47614           -0.307989
                  64             9.63052           -0.302484
                  65              9.7849           -0.297153
                  66             9.93928           -0.291869
                  67             10.0937           -0.286541
                  68              10.248            -0.28112
                  69             10.4024           -0.275672
                  70             10.5568           -0.270296
                  71             10.7112           -0.265086
                  72             10.8656           -0.260079
                  73               11.02           -0.255309
                  74             11.1744           -0.250786
                  75             11.3288           -0.246474
                  76             11.4832           -0.242334
                  77             11.6376           -0.238323
                  78              11.792           -0.234397
                  79             11.9465           -0.230515
                  80             12.1009           -0.226665
                  81             12.2553           -0.222846
                  82             12.4097           -0.219034
                  83             12.5642            -0.21532
                  84             12.7186           -0.211763
                  85              12.873           -0.208446
                  86             13.0275           -0.205211
                  87             13.1819           -0.202068
                  88             13.3364           -0.199023
                  89             13.4908           -0.196037
                  90             13.6452           -0.193103
                  91             13.7997           -0.190213
                  92             13.9541           -0.187364
                  93             14.1086           -0.184555
                  94              14.263           -0.181788
                  95             14.4175           -0.179073
                  96             14.5719            -0.17648
                  97             14.7264           -0.173936
                  98             14.8808           -0.171502
                  99             15.0353           -0.169519
