            IntervalRadial            Vertical          Radial_vel        Vertical_vel
                   0                   0            -1.18946
                   1            0.152427            -1.18683
                   2            0.304675            -1.17899
                   3            0.456589            -1.16621
                   4            0.608054            -1.14891
                   5             0.75901            -1.12763
                   6            0.909456            -1.10299
                   7             1.05944            -1.07571
                   8             1.20907            -1.04647
                   9             1.35844            -1.01599
                  10             1.50768           -0.984867
                  11             1.65689           -0.953639
                  12             1.80617           -0.922717
                  13             1.95558           -0.892397
                  14             2.10514           -0.862859
                  15             2.25487           -0.834201
                  16             2.40477           -0.806457
                  17             2.55484           -0.779624
                  18             2.70507           -0.753687
                  19             2.85545           -0.728638
                  20             3.00597           -0.704475
                  21             3.15664           -0.681209
                  22             3.30744           -0.658856
                  23             3.45837           -0.637433
                  24             3.60944           -0.616949
                  25             3.76063           -0.597397
                  26             3.91194           -0.578756
                  27             4.06335           -0.560987
                  28             4.21485            -0.54404
                  29             4.36644           -0.527858
                  30             4.51811           -0.512383
                  31             4.66983           -0.497564
                  32             4.82162           -0.483355
                  33             4.97346           -0.469721
                  34             5.12535           -0.456635
                  35             5.27728           -0.444077
                  36             5.42925            -0.43203
                  37             5.58126           -0.420479
                  38             5.73331           -0.409405
                  39             5.88539           -0.398789
                  40              6.0375           -0.388609
                  41             6.18963            -0.37884
                  42              6.3418           -0.369457
                  43             6.49398           -0.360437
                  44             6.64618           -0.351757
                  45              6.7984           -0.343398
                  46             6.95064           -0.335343
                  47             7.10289           -0.327578
                  48             7.25516           -0.320093
                  49             7.40743           -0.312877
                  50             7.55973           -0.305921
                  51             7.71203           -0.299214
                  52             7.86434           -0.292744
                  53             8.01666             -0.2865
                  54             8.16899           -0.280472
                  55             8.32133           -0.274652
                  56             8.47368           -0.269031
                  57             8.62603           -0.263598
                  58             8.77839           -0.258345
                  59             8.93075           -0.253263
                  60             9.08313           -0.248345
                  61              9.2355           -0.243584
                  62             9.38788           -0.238975
                  63             9.54027           -0.234511
                  64             9.69265           -0.230189
                  65             9.84505              -0.226
                  66             9.99744           -0.221938
                  67             10.1498           -0.217993
                  68             10.3022           -0.214165
                  69             10.4546           -0.210459
                  70             10.6071           -0.206874
                  71             10.7595           -0.203402
                  72             10.9119           -0.200034
                  73             11.0643           -0.196764
                  74             11.2167           -0.193586
                  75             11.3691           -0.190496
                  76             11.5215            -0.18749
                  77              11.674           -0.184565
                  78             11.8264           -0.181718
                  79             11.9788           -0.178946
                  80             12.1312           -0.176244
                  81             12.2837           -0.173611
                  82             12.4361           -0.171042
                  83             12.5885           -0.168568
                  84              12.741           -0.166193
                  85             12.8934           -0.163914
                  86             13.0458           -0.161678
                  87             13.1983           -0.159487
                  88             13.3507           -0.157339
                  89             13.5031           -0.155229
                  90             13.6556           -0.153158
                  91              13.808           -0.151128
                  92             13.9604            -0.14914
                  93             14.1129           -0.147195
                  94             14.2653           -0.145296
                  95             14.4178           -0.143451
                  96             14.5702           -0.141675
                  97             14.7226           -0.139951
                  98             14.8751           -0.138318
                  99             15.0275           -0.136913
