            IntervalRadial            Vertical          Radial_vel        Vertical_vel
                   0                   0             -23.668
                   1            0.355703            -23.6198
                   2            0.686759            -23.4811
                   3            0.972561            -23.2639
                   4             1.19448            -22.9817
                   5              1.3327            -22.6504
                   6             1.38297            -22.2951
                   7             1.35506            -21.9372
                   8             1.26537            -21.5896
                   9             1.12731            -21.2582
                  10            0.960543            -20.9404
                  11            0.790095            -20.6244
                  12            0.640239            -20.2983
                  13            0.527285            -19.9575
                  14            0.454231             -19.606
                  15            0.411876            -19.2496
                  16            0.388143            -18.8914
                  17            0.374544            -18.5327
                  18            0.366976            -18.1738
                  19            0.363687            -17.8148
                  20            0.363259            -17.4559
                  21            0.364111            -17.0969
                  22            0.364935            -16.7379
                  23            0.365107             -16.379
                  24            0.364706              -16.02
                  25            0.364215             -15.661
                  26            0.364178            -15.3021
                  27            0.364984            -14.9431
                  28            0.366829            -14.5841
                  29            0.369762            -14.2252
                  30             0.37377            -13.8662
                  31            0.378828            -13.5073
                  32            0.384933            -13.1484
                  33            0.392107            -12.7895
                  34            0.400394            -12.4306
                  35            0.409864            -12.0718
                  36            0.420603             -11.713
                  37            0.432716            -11.3542
                  38            0.446325            -10.9955
                  39            0.461577            -10.6368
                  40            0.478642            -10.2783
                  41            0.497715            -9.91982
                  42            0.519027            -9.56149
                  43            0.542844            -9.20331
                  44            0.569476            -8.84533
                  45            0.599281            -8.48761
                  46            0.632677            -8.13019
                  47            0.670143            -7.77319
                  48            0.712239             -7.4167
                  49            0.759605            -7.06087
                  50            0.812979            -6.70589
                  51            0.873204            -6.35201
                  52            0.941234            -5.99955
                  53             1.01814            -5.64891
                  54             1.10511            -5.30064
                  55             1.20345            -4.95541
                  56             1.31452            -4.61405
                  57             1.43976            -4.27764
                  58             1.58058            -3.94745
                  59             1.73833              -3.625
                  60             1.91419            -3.31206
                  61             2.10908            -3.01061
                  62              2.3236            -2.72279
                  63             2.55784            -2.45079
                  64             2.81139            -2.19669
                  65             3.08322            -1.96224
                  66             3.37173            -1.74865
                  67             3.67489            -1.55642
                  68             3.99042            -1.38526
                  69             4.31606             -1.2342
                  70              4.6497            -1.10177
                  71             4.98954           -0.986157
                  72             5.33409            -0.88544
                  73             5.68218           -0.797729
                  74             6.03291           -0.721276
                  75             6.38561           -0.654519
                  76             6.73979           -0.596098
                  77             7.09508            -0.54484
                  78             7.45121           -0.499747
                  79             7.80797           -0.459971
                  80             8.16521           -0.424797
                  81             8.52282           -0.393624
                  82             8.88072           -0.365941
                  83             9.23884           -0.341321
                  84             9.59714           -0.319395
                  85             9.95557           -0.299863
                  86             10.3141            -0.28245
                  87             10.6728           -0.266962
                  88             11.0315           -0.253177
                  89             11.3902           -0.240975
                  90              11.749           -0.230193
                  91             12.1079           -0.220732
                  92             12.4667           -0.212519
                  93             12.8256           -0.205625
                  94             13.1846           -0.199799
                  95             13.5435           -0.195122
                  96             13.9024           -0.191444
                  97             14.2614           -0.189164
                  98             14.6204           -0.188336
                  99             14.9793           -0.190636
