            IntervalRadial            Vertical          Radial_vel        Vertical_vel
                   0                   0           -0.119003
                   1            0.151873           -0.115851
                   2            0.303517           -0.106934
                   3            0.454866          -0.0939353
                   4            0.606062          -0.0792659
                   5            0.757352          -0.0656041
                   6            0.908907          -0.0552739
                   7             1.06071            -0.04967
                   8             1.21261          -0.0488864
                   9             1.36449          -0.0518543
                  10             1.51632          -0.0566971
                  11             1.66816          -0.0612756
                  12             1.82004          -0.0637171
                  13             1.97195          -0.0628626
                  14             2.12379          -0.0584129
                  15             2.27551          -0.0509768
                  16             2.42714          -0.0417975
                  17             2.57876          -0.0324767
                  18             2.73046          -0.0245816
                  19             2.88227          -0.0193353
                  20             3.03417          -0.0173063
                  21             3.18607          -0.0183208
                  22             3.33794          -0.0214935
                  23              3.4898          -0.0255002
                  24             3.64166          -0.0289364
                  25             3.79356          -0.0306842
                  26             3.94546           -0.030136
                  27             4.09734          -0.0273119
                  28             4.24918          -0.0227624
                  29             4.40099          -0.0174167
                  30             4.55281          -0.0123139
                  31             4.70467         -0.00838025
                  32             4.85656         -0.00621269
                  33             5.00846         -0.00599411
                  34             5.16036         -0.00745124
                  35             5.31225         -0.00995873
                  36             5.46413          -0.0126844
                  37             5.61602          -0.0148111
                  38             5.76792          -0.0157242
                  39             5.91983          -0.0151654
                  40             6.07172          -0.0132543
                  41              6.2236          -0.0104375
                  42             6.37548         -0.00733201
                  43             6.52736         -0.00457861
                  44             6.67925         -0.00268179
                  45             6.83116          -0.0019191
                  46             6.98306         -0.00228647
                  47             7.13496         -0.00353423
                  48             7.28686          -0.0052306
                  49             7.43876         -0.00687915
                  50             7.59066         -0.00802763
                  51             7.74256         -0.00838058
                  52             7.89447         -0.00785004
                  53             8.04637         -0.00657443
                  54             8.19826         -0.00485943
                  55             8.35016          -0.0031002
                  56             8.50206         -0.00166264
                  57             8.65396         -0.00081015
                  58             8.80587        -0.000645063
                  59             8.95777         -0.00111026
                  60             9.10968         -0.00200819
                  61             9.26158         -0.00306339
                  62             9.41348         -0.00398867
                  63             9.56539         -0.00455117
                  64             9.71729         -0.00461866
                  65              9.8692          -0.0041882
                  66             10.0211          -0.0033738
                  67              10.173         -0.00237691
                  68             10.3249         -0.00142525
                  69             10.4768        -0.000721771
                  70             10.6287        -0.000386385
                  71             10.7806        -0.000446015
                  72             10.9325        -0.000830129
                  73             11.0844         -0.00140931
                  74             11.2363         -0.00201887
                  75             11.3882         -0.00250361
                  76             11.5402         -0.00275368
                  77             11.6921         -0.00272158
                  78              11.844         -0.00242861
                  79             11.9959         -0.00195742
                  80             12.1478         -0.00142547
                  81             12.2997         -0.00095699
                  82             12.4516        -0.000653543
                  83             12.6035        -0.000564768
                  84             12.7554        -0.000679226
                  85             12.9073        -0.000939415
                  86             13.0592         -0.00126436
                  87             13.2111         -0.00157963
                  88              13.363         -0.00181526
                  89             13.5149         -0.00192743
                  90             13.6668         -0.00190786
                  91             13.8187         -0.00177691
                  92             13.9706         -0.00157785
                  93             14.1225         -0.00136777
                  94             14.2745         -0.00119937
                  95             14.4264           -0.001112
                  96             14.5783         -0.00111943
                  97             14.7302         -0.00121169
                  98             14.8821         -0.00136283
                  99              15.034         -0.00150567
