            IntervalRadial            Vertical          Radial_vel        Vertical_vel
                   0                   0          -0.0643625
                   1            0.151699          -0.0641016
                   2            0.303397          -0.0633158
                   3            0.455091          -0.0620825
                   4            0.606782          -0.0604972
                   5            0.758471          -0.0586614
                   6            0.910157          -0.0566824
                   7             1.06184           -0.054655
                   8             1.21353          -0.0526301
                   9             1.36522          -0.0506406
                  10              1.5169          -0.0486852
                  11             1.66859          -0.0467413
                  12             1.82028          -0.0447829
                  13             1.97196          -0.0427928
                  14             2.12365          -0.0407556
                  15             2.27533          -0.0386895
                  16             2.42702          -0.0366174
                  17             2.57871           -0.034581
                  18             2.73039          -0.0326215
                  19             2.88208          -0.0307782
                  20             3.03377          -0.0290724
                  21             3.18546          -0.0275141
                  22             3.33715           -0.026092
                  23             3.48885          -0.0247826
                  24             3.64054          -0.0235533
                  25             3.79224          -0.0223727
                  26             3.94393          -0.0212156
                  27             4.09563          -0.0200714
                  28             4.24732          -0.0189387
                  29             4.39902          -0.0178308
                  30             4.55071          -0.0167649
                  31             4.70241          -0.0157624
                  32             4.85411          -0.0148378
                  33              5.0058           -0.014001
                  34              5.1575          -0.0132491
                  35              5.3092          -0.0125731
                  36              5.4609          -0.0119555
                  37              5.6126          -0.0113771
                  38              5.7643           -0.010818
                  39             5.91599          -0.0102648
                  40             6.06769         -0.00971194
                  41             6.21939         -0.00916293
                  42             6.37109         -0.00862556
                  43             6.52279         -0.00811172
                  44             6.67449         -0.00763234
                  45             6.82619         -0.00719604
                  46             6.97788         -0.00680526
                  47             7.12958          -0.0064581
                  48             7.28128         -0.00614709
                  49             7.43298         -0.00586245
                  50             7.58468           -0.005593
                  51             7.73638         -0.00533034
                  52             7.88808         -0.00506641
                  53             8.03978         -0.00479873
                  54             8.19148         -0.00452924
                  55             8.34318         -0.00426671
                  56             8.49488         -0.00401771
                  57             8.64658         -0.00378838
                  58             8.79828         -0.00358198
                  59             8.94998         -0.00340011
                  60             9.10167         -0.00323999
                  61             9.25337         -0.00309649
                  62             9.40507         -0.00296453
                  63             9.55677         -0.00283811
                  64             9.70847          -0.0027121
                  65             9.86017         -0.00258479
                  66             10.0119         -0.00245505
                  67             10.1636         -0.00232416
                  68             10.3153         -0.00219292
                  69              10.467         -0.00207103
                  70             10.6187         -0.00196183
                  71             10.7704         -0.00186782
                  72             10.9221         -0.00178443
                  73             11.0738         -0.00171271
                  74             11.2255         -0.00164944
                  75             11.3772         -0.00158956
                  76             11.5289          -0.0015315
                  77             11.6806         -0.00147304
                  78             11.8323         -0.00141316
                  79              11.984         -0.00135121
                  80             12.1357          -0.0012894
                  81             12.2874         -0.00123014
                  82             12.4391         -0.00117201
                  83             12.5908          -0.0011209
                  84             12.7425         -0.00107858
                  85             12.8942         -0.00105132
                  86             13.0459         -0.00102304
                  87             13.1976        -0.000998942
                  88             13.3493         -0.00097758
                  89              13.501        -0.000954804
                  90             13.6527        -0.000931819
                  91             13.8044        -0.000908043
                  92             13.9561        -0.000883517
                  93             14.1078        -0.000860009
                  94             14.2595        -0.000837222
                  95             14.4112        -0.000815806
                  96             14.5629        -0.000801589
                  97             14.7146        -0.000787998
                  98             14.8663        -0.000777005
                  99              15.018        -0.000787415
