            IntervalRadial            Vertical          Radial_vel        Vertical_vel
                   0                   0           -0.125543
                   1            0.151789           -0.124826
                   2            0.303566           -0.122749
                   3            0.455325           -0.119638
                   4            0.607071           -0.115931
                   5            0.758813           -0.112094
                   6            0.910562           -0.108548
                   7             1.06232           -0.105594
                   8              1.2141            -0.10331
                   9             1.36588           -0.101607
                  10             1.51766           -0.100237
                  11             1.66945          -0.0988762
                  12             1.82123          -0.0972203
                  13             1.97301          -0.0950702
                  14             2.12477          -0.0923327
                  15             2.27653          -0.0890951
                  16             2.42828          -0.0855505
                  17             2.58003          -0.0819781
                  18             2.73178          -0.0786591
                  19             2.88355          -0.0758245
                  20             3.03532          -0.0735836
                  21              3.1871          -0.0719375
                  22             3.33889          -0.0707559
                  23             3.49068          -0.0698262
                  24             3.64247          -0.0689007
                  25             3.79425          -0.0677657
                  26             3.94604          -0.0662828
                  27             4.09782          -0.0644303
                  28             4.24959          -0.0622751
                  29             4.40136          -0.0599728
                  30             4.55314          -0.0577091
                  31             4.70492          -0.0556677
                  32              4.8567           -0.053975
                  33             5.00848          -0.0526873
                  34             5.16027          -0.0517656
                  35             5.31206          -0.0511062
                  36             5.46385          -0.0505568
                  37             5.61564          -0.0499625
                  38             5.76743          -0.0491886
                  39             5.91922          -0.0481648
                  40               6.071          -0.0468905
                  41             6.22279          -0.0454402
                  42             6.37457          -0.0439233
                  43             6.52635          -0.0424682
                  44             6.67814          -0.0411838
                  45             6.82993          -0.0401423
                  46             6.98171          -0.0393571
                  47              7.1335          -0.0387914
                  48             7.28529          -0.0383634
                  49             7.43709          -0.0379715
                  50             7.58888          -0.0375153
                  51             7.74067          -0.0369271
                  52             7.89245          -0.0361714
                  53             8.04424          -0.0352624
                  54             8.19603          -0.0342511
                  55             8.34782          -0.0332251
                  56             8.49961          -0.0322631
                  57             8.65139          -0.0314301
                  58             8.80318          -0.0307568
                  59             8.95497          -0.0302446
                  60             9.10676          -0.0298569
                  61             9.25855          -0.0295351
                  62             9.41034          -0.0292161
                  63             9.56214          -0.0288414
                  64             9.71393          -0.0283713
                  65             9.86572          -0.0277976
                  66             10.0175          -0.0271374
                  67             10.1693           -0.026431
                  68             10.3211          -0.0257237
                  69             10.4729          -0.0250747
                  70             10.6247          -0.0245174
                  71             10.7765          -0.0240674
                  72             10.9282          -0.0237057
                  73               11.08          -0.0234125
                  74             11.2318          -0.0231495
                  75             11.3836          -0.0228737
                  76             11.5354          -0.0225576
                  77             11.6872          -0.0221832
                  78              11.839          -0.0217493
                  79             11.9908          -0.0212705
                  80             12.1426          -0.0207743
                  81             12.2944          -0.0202923
                  82             12.4461          -0.0198485
                  83             12.5979          -0.0194632
                  84             12.7497          -0.0191394
                  85             12.9015          -0.0188761
                  86             13.0533          -0.0186322
                  87             13.2051          -0.0183999
                  88             13.3569          -0.0181605
                  89             13.5087           -0.017895
                  90             13.6605          -0.0176022
                  91             13.8123          -0.0172835
                  92             13.9641          -0.0169469
                  93             14.1158          -0.0166087
                  94             14.2676          -0.0162807
                  95             14.4194          -0.0159746
                  96             14.5712          -0.0157028
                  97              14.723          -0.0154555
                  98             14.8748          -0.0152306
                  99             15.0266          -0.0150328
