            IntervalRadial            Vertical          Radial_vel        Vertical_vel
                   0                   0           -0.265658
                   1             0.15245           -0.256801
                   2            0.303032           -0.231409
                   3            0.450811           -0.192926
                   4            0.596396           -0.146833
                   5            0.742626           -0.102832
                   6            0.892659          -0.0743732
                   7             1.04527          -0.0689844
                   8             1.19717          -0.0847097
                   9             1.34683           -0.115041
                  10             1.49532           -0.150701
                  11             1.64495           -0.181178
                  12              1.7967           -0.198232
                  13             1.94941           -0.198502
                  14             2.10136           -0.183306
                  15             2.25173           -0.156704
                  16             2.40089           -0.123953
                  17                2.55          -0.0910172
                  18             2.70028          -0.0639021
                  19              2.8522          -0.0483766
                  20              3.0049          -0.0488654
                  21             3.15671          -0.0654559
                  22             3.30699          -0.0925401
                  23             3.45691           -0.121588
                  24             3.60787           -0.144608
                  25             3.76015           -0.156012
                  26             3.91284           -0.153383
                  27             4.06477           -0.138031
                  28             4.21564           -0.114408
                  29             4.36612          -0.0883984
                  30             4.51709          -0.0654761
                  31               4.669          -0.0498335
                  32              4.8216          -0.0440498
                  33             4.97422          -0.0490283
                  34             5.12623          -0.0636581
                  35             5.27752          -0.0844171
                  36             5.42874           -0.105671
                  37             5.58063            -0.12139
                  38             5.73322            -0.12738
                  39             5.88586           -0.122593
                  40             6.03795           -0.108867
                  41             6.18948          -0.0899888
                  42             6.34095          -0.0706179
                  43             6.49288          -0.0551747
                  44             6.64535            -0.04671
                  45             6.79806          -0.0463619
                  46              6.9506           -0.053439
                  47              7.1028          -0.0659214
                  48             7.25477          -0.0808634
                  49             7.40684          -0.0947805
                  50             7.55926           -0.104187
                  51             7.71195           -0.106532
                  52             7.86457           -0.101216
                  53             8.01685          -0.0899063
                  54             8.16891          -0.0758246
                  55             8.32104          -0.0625365
                  56             8.47345          -0.0530218
                  57             8.62611          -0.0491177
                  58              8.7788          -0.0512114
                  59             8.93134          -0.0582634
                  60             9.08373          -0.0682036
                  61             9.23608          -0.0785793
                  62             9.38855          -0.0870514
                  63             9.54119          -0.0917953
                  64             9.69389          -0.0917725
                  65             9.84653          -0.0869864
                  66             9.99901          -0.0786587
                  67             10.1514          -0.0690131
                  68             10.3039          -0.0606383
                  69             10.4565          -0.0554768
                  70             10.6092          -0.0544263
                  71             10.7619          -0.0572763
                  72             10.9145          -0.0630453
                  73              11.067          -0.0701447
                  74             11.2196          -0.0768179
                  75             11.3722          -0.0816216
                  76             11.5249          -0.0836322
                  77             11.6776          -0.0826013
                  78             11.8303          -0.0789326
                  79             11.9829          -0.0736042
                  80             12.1355          -0.0679335
                  81             12.2881          -0.0633397
                  82             12.4408           -0.061051
                  83             12.5935          -0.0614557
                  84             12.7462          -0.0641493
                  85             12.8989          -0.0680207
                  86             13.0515          -0.0722967
                  87             13.2042          -0.0760299
                  88             13.3569          -0.0784745
                  89             13.5096          -0.0793334
                  90             13.6623          -0.0786415
                  91              13.815            -0.07677
                  92             13.9677          -0.0743106
                  93             14.1204          -0.0719226
                  94             14.2731          -0.0702237
                  95             14.4258          -0.0696615
                  96             14.5785          -0.0702436
                  97             14.7312          -0.0719046
                  98             14.8839          -0.0741837
                  99             15.0366          -0.0757107
