            IntervalRadial            Vertical          Radial_vel        Vertical_vel
                   0                   0            -10.0642
                   1            0.209456             -10.049
                   2            0.414576             -10.004
                   3            0.611264            -9.93044
                   4            0.795735            -9.83008
                   5            0.964573             -9.7052
                   6             1.11476            -9.55841
                   7             1.24362            -9.39259
                   8             1.34888            -9.21087
                   9             1.42903            -9.01677
                  10             1.48391            -8.81406
                  11             1.51477            -8.60634
                  12              1.5238            -8.39653
                  13             1.51337            -8.18678
                  14              1.4861            -7.97856
                  15             1.44602            -7.77241
                  16             1.39954            -7.56762
                  17             1.35513            -7.36236
                  18             1.32095            -7.15516
                  19             1.30184            -6.94603
                  20             1.29851            -6.73605
                  21             1.30934            -6.52632
                  22             1.33224            -6.31757
                  23             1.36542             -6.1102
                  24             1.40753            -5.90447
                  25             1.45769            -5.70054
                  26             1.51531             -5.4986
                  27             1.58008            -5.29883
                  28             1.65183            -5.10147
                  29             1.73049            -4.90675
                  30             1.81605            -4.71497
                  31             1.90852            -4.52641
                  32             2.00789            -4.34141
                  33             2.11418            -4.16029
                  34             2.22737             -3.9834
                  35             2.34741            -3.81109
                  36             2.47422             -3.6437
                  37             2.60769            -3.48156
                  38             2.74766              -3.325
                  39             2.89391             -3.1743
                  40             3.04619            -3.02969
                  41             3.20421            -2.89137
                  42             3.36762            -2.75947
                  43             3.53606            -2.63405
                  44             3.70915            -2.51513
                  45             3.88648            -2.40264
                  46             4.06767            -2.29648
                  47             4.25233            -2.19647
                  48              4.4401            -2.10241
                  49             4.63061            -2.01405
                  50             4.82354            -1.93112
                  51              5.0186            -1.85332
                  52             5.21552            -1.78035
                  53             5.41406            -1.71192
                  54             5.61401            -1.64771
                  55             5.81518            -1.58744
                  56             6.01741            -1.53084
                  57             6.22056            -1.47764
                  58             6.42452            -1.42759
                  59             6.62917            -1.38047
                  60             6.83442            -1.33607
                  61             7.04021            -1.29419
                  62             7.24645            -1.25463
                  63              7.4531            -1.21725
                  64              7.6601            -1.18187
                  65             7.86742            -1.14836
                  66               8.075            -1.11659
                  67             8.28283            -1.08644
                  68             8.49087            -1.05779
                  69              8.6991            -1.03055
                  70              8.9075            -1.00461
                  71             9.11604           -0.979909
                  72             9.32472           -0.956352
                  73             9.53352            -0.93387
                  74             9.74242           -0.912397
                  75             9.95142           -0.891871
                  76             10.1605           -0.872235
                  77             10.3697           -0.853436
                  78             10.5789           -0.835429
                  79             10.7882           -0.818166
                  80             10.9975           -0.801605
                  81             11.2069           -0.785709
                  82             11.4164            -0.77044
                  83             11.6259           -0.755766
                  84             11.8354           -0.741656
                  85              12.045           -0.728082
                  86             12.2546           -0.715014
                  87             12.4642           -0.702441
                  88             12.6738            -0.69035
                  89             12.8835           -0.678703
                  90             13.0932            -0.66746
                  91              13.303           -0.656601
                  92             13.5127           -0.646111
                  93             13.7225           -0.635979
                  94             13.9322           -0.626198
                  95              14.142           -0.616763
                  96             14.3518           -0.607677
                  97             14.5616           -0.598955
                  98             14.7715           -0.590618
                  99             14.9813            -0.58282
