            IntervalRadial            Vertical          Radial_vel        Vertical_vel
                   0                   0           -0.965793
                   1            0.152202           -0.963523
                   2             0.30427           -0.956763
                   3            0.456082           -0.945653
                   4            0.607537           -0.930426
                   5            0.758562           -0.911397
                   6            0.909117           -0.888958
                   7              1.0592            -0.86356
                   8             1.20885           -0.835705
                   9             1.35813           -0.805924
                  10             1.50712           -0.774761
                  11             1.65594           -0.742753
                  12             1.80468           -0.710409
                  13             1.95345           -0.678194
                  14             2.10233           -0.646512
                  15              2.2514             -0.6157
                  16              2.4007           -0.586021
                  17             2.55025           -0.557666
                  18             2.70007           -0.530759
                  19             2.85016           -0.505367
                  20              3.0005           -0.481508
                  21             3.15107           -0.459162
                  22             3.30185           -0.438284
                  23             3.45281           -0.418808
                  24             3.60394           -0.400657
                  25             3.75522           -0.383747
                  26             3.90662           -0.367995
                  27             4.05813           -0.353314
                  28             4.20973           -0.339623
                  29             4.36141           -0.326845
                  30             4.51316           -0.314906
                  31             4.66497           -0.303739
                  32             4.81683            -0.29328
                  33             4.96873           -0.283473
                  34             5.12067           -0.274265
                  35             5.27264           -0.265607
                  36             5.42464           -0.257456
                  37             5.57667           -0.249771
                  38             5.72871           -0.242518
                  39             5.88078           -0.235661
                  40             6.03286           -0.229173
                  41             6.18495           -0.223024
                  42             6.33706           -0.217191
                  43             6.48918           -0.211651
                  44              6.6413           -0.206383
                  45             6.79344           -0.201367
                  46             6.94558           -0.196588
                  47             7.09773           -0.192029
                  48             7.24989           -0.187676
                  49             7.40205           -0.183515
                  50             7.55422           -0.179535
                  51             7.70639           -0.175723
                  52             7.85856            -0.17207
                  53             8.01074           -0.168565
                  54             8.16292           -0.165202
                  55             8.31511            -0.16197
                  56             8.46729           -0.158863
                  57             8.61948           -0.155873
                  58             8.77167           -0.152995
                  59             8.92387           -0.150222
                  60             9.07606           -0.147548
                  61             9.22826           -0.144968
                  62             9.38046           -0.142478
                  63             9.53266           -0.140073
                  64             9.68486           -0.137748
                  65             9.83706             -0.1355
                  66             9.98926           -0.133325
                  67             10.1415            -0.13122
                  68             10.2937            -0.12918
                  69             10.4459           -0.127204
                  70             10.5981           -0.125288
                  71             10.7503            -0.12343
                  72             10.9025           -0.121627
                  73             11.0547           -0.119877
                  74             11.2069           -0.118176
                  75             11.3591           -0.116525
                  76             11.5113           -0.114919
                  77             11.6635           -0.113358
                  78             11.8158           -0.111839
                  79              11.968           -0.110362
                  80             12.1202           -0.108923
                  81             12.2724           -0.107522
                  82             12.4246           -0.106158
                  83             12.5768           -0.104828
                  84              12.729           -0.103532
                  85             12.8812           -0.102269
                  86             13.0335           -0.101037
                  87             13.1857          -0.0998344
                  88             13.3379          -0.0986611
                  89             13.4901          -0.0975158
                  90             13.6423          -0.0963975
                  91             13.7945          -0.0953053
                  92             13.9467          -0.0942385
                  93              14.099          -0.0931963
                  94             14.2512          -0.0921779
                  95             14.4034          -0.0911827
                  96             14.5556          -0.0902103
                  97             14.7078            -0.08926
                  98               14.86           -0.088332
                  99             15.0122           -0.087427
