            IntervalRadial            Vertical          Radial_vel        Vertical_vel
                   0                   0           0.0631862
                   1            0.145119           0.0109213
                   2            0.299362           0.0105076
                   3            0.452133           0.0317719
                   4            0.596468          -0.0226235
                   5            0.747846          0.00697011
                   6             0.90208          0.00523181
                   7             1.04931          -0.0407645
                   8             1.19226           0.0171646
                   9             1.34642           0.0120535
                  10             1.49974         -0.00481426
                  11             1.64461           0.0481165
                  12             1.79459            0.012079
                  13             1.94878           0.0161957
                  14             2.09805            0.055054
                  15             2.23985         -0.00562302
                  16             2.39381          0.00379084
                  17             2.54769           0.0144337
                  18             2.69424          -0.0336616
                  19             2.84166           0.0117207
                  20             2.99574          0.00468804
                  21             3.14661          -0.0273761
                  22             3.28793            0.034438
                  23             3.44125           0.0175516
                  24             3.59533           0.0104184
                  25             3.74372           0.0525073
                  26             3.88986          0.00318591
                  27             4.04374           0.0137419
                  28             4.19612           0.0376575
                  29             4.33871          -0.0211609
                  30             4.49112          0.00254576
                  31             4.64536          0.00398799
                  32             4.79575          -0.0302628
                  33             4.93986           0.0247192
                  34             5.09338           0.0097417
                  35             5.24654         -0.00848199
                  36             5.39119           0.0450846
                  37             5.54262           0.0157584
                  38             5.69685           0.0172817
                  39             5.84891           0.0431492
                  40              5.9936          -0.0103069
                  41             6.14659          0.00927242
                  42             6.30044           0.0203033
                  43              6.4476          -0.0259013
                  44             6.59785           0.0089815
                  45             6.75196           0.0026261
                  46              6.9051          -0.0158489
                  47             7.05011           0.0367066
                  48             7.20265           0.0138424
                  49             7.35671          0.00622471
                  50             7.50647            0.043117
                  51             7.65654          0.00748053
                  52             7.81053           0.0164234
                  53             7.96438           0.0274131
                  54             8.11155           -0.018753
                  55             8.26342          0.00823666
                  56             8.41764           0.0105818
                  57             8.56919          -0.0181453
                  58             8.71895           0.0187545
                  59             8.87272            0.006664
                  60             9.02683         0.000207291
                  61              9.1759           0.0398371
                  62             9.32782           0.0131777
                  63             9.48206           0.0123295
                  64              9.6351           0.0316049
                  65             9.78584         -0.00104563
                  66             9.93943           0.0131504
                  67             10.0937           0.0147112
                  68             10.2447          -0.0167716
                  69             10.3963           0.0116784
                  70             10.5505          0.00918748
                  71             10.7042         -0.00414754
                  72             10.8557           0.0247214
                  73             11.0092           0.0103676
                  74             11.1635           0.0102793
                  75             11.3161            0.032801
                  76             11.4685          0.00937881
                  77             11.6228           0.0122737
                  78             11.7769           0.0188262
                  79             11.9295         -0.00323463
                  80              12.083           0.0118944
                  81             12.2372          0.00964088
                  82             12.3907         -0.00625489
                  83             12.5434           0.0155001
                  84             12.6976           0.0114604
                  85             12.8518          0.00773325
                  86             13.0053           0.0223007
                  87             13.1592           0.0115036
                  88             13.3134           0.0130931
                  89             13.4675           0.0209885
                  90             13.6211          0.00790351
                  91             13.7754           0.0111596
                  92             13.9296           0.0117548
                  93             14.0836          0.00282342
                  94             14.2375           0.0121297
                  95             14.3918           0.0103027
                  96              14.546          0.00585047
                  97                14.7           0.0143083
                  98             14.8542           0.0129815
                  99             15.0084           0.0137675
