            IntervalRadial            Vertical          Radial_vel        Vertical_vel
                   0                   0           -0.515154
                   1            0.151888           -0.513882
                   2            0.303734           -0.510076
                   3            0.455501           -0.503855
                   4            0.607158           -0.495385
                   5            0.758688           -0.484885
                   6            0.910086           -0.472621
                   7             1.06136           -0.458883
                   8             1.21252           -0.443975
                   9             1.36359           -0.428198
                  10              1.5146           -0.411839
                  11             1.66557           -0.395155
                  12             1.81654            -0.37837
                  13             1.96751           -0.361669
                  14             2.11851           -0.345199
                  15             2.26954           -0.329071
                  16             2.42062           -0.313367
                  17             2.57175           -0.298146
                  18             2.72293           -0.283448
                  19             2.87417           -0.269301
                  20             3.02545           -0.255727
                  21             3.17679           -0.242738
                  22             3.32818           -0.230343
                  23             3.47961           -0.218543
                  24             3.63109           -0.207337
                  25             3.78261           -0.196713
                  26             3.93417           -0.186658
                  27             4.08577            -0.17715
                  28              4.2374           -0.168167
                  29             4.38905           -0.159683
                  30             4.54074           -0.151669
                  31             4.69244           -0.144101
                  32             4.84417           -0.136952
                  33             4.99591           -0.130199
                  34             5.14767           -0.123822
                  35             5.29944           -0.117799
                  36             5.45123           -0.112113
                  37             5.60303           -0.106746
                  38             5.75484            -0.10168
                  39             5.90666          -0.0968986
                  40             6.05848          -0.0923849
                  41             6.21032          -0.0881227
                  42             6.36216          -0.0840968
                  43               6.514          -0.0802922
                  44             6.66586          -0.0766955
                  45             6.81771          -0.0732938
                  46             6.96957          -0.0700755
                  47             7.12143          -0.0670302
                  48              7.2733           -0.064148
                  49             7.42517          -0.0614201
                  50             7.57704          -0.0588379
                  51             7.72892          -0.0563931
                  52             7.88079          -0.0540774
                  53             8.03267          -0.0518834
                  54             8.18455          -0.0498046
                  55             8.33643          -0.0478349
                  56             8.48831          -0.0459686
                  57              8.6402             -0.0442
                  58             8.79208          -0.0425236
                  59             8.94396          -0.0409343
                  60             9.09585          -0.0394275
                  61             9.24774          -0.0379987
                  62             9.39963          -0.0366442
                  63             9.55151          -0.0353602
                  64              9.7034          -0.0341433
                  65             9.85529          -0.0329897
                  66             10.0072          -0.0318943
                  67             10.1591          -0.0308539
                  68              10.311          -0.0298673
                  69             10.4629          -0.0289361
                  70             10.6147          -0.0280594
                  71             10.7666           -0.027234
                  72             10.9185          -0.0264551
                  73             11.0704            -0.02572
                  74             11.2223           -0.025026
                  75             11.3742          -0.0243706
                  76             11.5261          -0.0237525
                  77              11.678          -0.0231697
                  78             11.8299          -0.0226205
                  79             11.9818          -0.0221038
                  80             12.1337          -0.0216166
                  81             12.2856          -0.0211572
                  82             12.4375          -0.0207249
                  83             12.5893          -0.0203389
                  84             12.7412           -0.020003
                  85             12.8931          -0.0197138
                  86              13.045           -0.019443
                  87             13.1969          -0.0191924
                  88             13.3488          -0.0189602
                  89             13.5007          -0.0187441
                  90             13.6526          -0.0185447
                  91             13.8045          -0.0183629
                  92             13.9564             -0.0182
                  93             14.1083          -0.0180568
                  94             14.2602          -0.0179362
                  95             14.4121          -0.0178442
                  96              14.564          -0.0177907
                  97             14.7159          -0.0177703
                  98             14.8677          -0.0178123
                  99             15.0196          -0.0180195
