            IntervalRadial            Vertical          Radial_vel        Vertical_vel
                   0                   0           -0.607769
                   1            0.152348           -0.603515
                   2            0.304228           -0.590862
                   3            0.455252           -0.570376
                   4            0.605167           -0.542926
                   5            0.753899            -0.50966
                   6             0.90157           -0.471966
                   7             1.04848           -0.431396
                   8             1.19503            -0.38957
                   9             1.34168           -0.348058
                  10             1.48879           -0.308254
                  11             1.63664           -0.271245
                  12             1.78531           -0.237724
                  13             1.93479           -0.207969
                  14             2.08495           -0.181895
                  15             2.23565           -0.159167
                  16             2.38676           -0.139324
                  17             2.53817           -0.121889
                  18             2.68979           -0.106442
                  19             2.84157          -0.0926578
                  20             2.99348          -0.0803112
                  21             3.14548          -0.0692618
                  22             3.29757          -0.0594306
                  23             3.44973          -0.0507713
                  24             3.60195          -0.0432425
                  25             3.75422          -0.0367871
                  26             3.90653          -0.0313209
                  27             4.05887          -0.0267323
                  28             4.21123          -0.0228909
                  29              4.3636          -0.0196616
                  30             4.51598          -0.0169193
                  31             4.66837          -0.0145597
                  32             4.82076          -0.0125035
                  33             4.97316          -0.0106963
                  34             5.12556         -0.00910362
                  35             5.27796         -0.00770507
                  36             5.43036         -0.00648778
                  37             5.58276          -0.0054414
                  38             5.73517         -0.00455446
                  39             5.88757         -0.00381252
                  40             6.03998         -0.00319784
                  41             6.19239         -0.00269048
                  42             6.34479         -0.00227007
                  43              6.4972         -0.00191782
                  44              6.6496           -0.001618
                  45             6.80201         -0.00135884
                  46             6.95442         -0.00113242
                  47             7.10682         -0.00093402
                  48             7.25923         -0.00076111
                  49             7.41164        -0.000612336
                  50             7.56404        -0.000486535
                  51             7.71645        -0.000382106
                  52             7.86886        -0.000296697
                  53             8.02126        -0.000227568
                  54             8.17367        -0.000171961
                  55             8.32608        -0.000127382
                  56             8.47849        -9.14814e-05
                  57             8.63089        -6.21745e-05
                  58              8.7833        -3.77969e-05
                  59             8.93571        -1.72434e-05
                  60             9.08811         1.24462e-07
                  61             9.24052         1.45993e-05
                  62             9.39293         2.63192e-05
                  63             9.54533         3.52508e-05
                  64             9.69774         4.14896e-05
                  65             9.85015         4.53311e-05
                  66             10.0026         4.82233e-05
                  67              10.155         5.12841e-05
                  68             10.3074         5.47289e-05
                  69             10.4598         5.65195e-05
                  70             10.6122         5.58143e-05
                  71             10.7646         5.28792e-05
                  72              10.917         4.91726e-05
                  73             11.0694         4.50184e-05
                  74             11.2218         4.06619e-05
                  75             11.3742         3.63773e-05
                  76             11.5266         3.20141e-05
                  77              11.679          2.7675e-05
                  78             11.8314         2.36283e-05
                  79             11.9838         1.97894e-05
                  80             12.1362          1.7083e-05
                  81             12.2887         1.63303e-05
                  82             12.4411         1.99982e-05
                  83             12.5935          1.8631e-05
                  84             12.7459         8.69916e-06
                  85             12.8983        -1.22985e-05
                  86             13.0507        -3.06226e-05
                  87             13.2031        -4.84678e-05
                  88             13.3555        -6.59535e-05
                  89             13.5079        -8.21635e-05
                  90             13.6603        -9.75606e-05
                  91             13.8127        -0.000112549
                  92             13.9651        -0.000127729
                  93             14.1175        -0.000142982
                  94             14.2699        -0.000158984
                  95             14.4224        -0.000177737
                  96             14.5748        -0.000204404
                  97             14.7272        -0.000233906
                  98             14.8796        -0.000277427
                  99              15.032        -0.000390205
