            IntervalRadial            Vertical          Radial_vel        Vertical_vel
                   0                   0            -1.16232
                   1            0.153061            -1.15906
                   2            0.305846            -1.14931
                   3            0.458095            -1.13323
                   4            0.609583             -1.1111
                   5            0.760126            -1.08326
                   6            0.909604            -1.05017
                   7             1.05796            -1.01237
                   8             1.20521           -0.970466
                   9             1.35144           -0.925142
                  10             1.49681            -0.87713
                  11             1.64154           -0.827205
                  12             1.78588           -0.776158
                  13             1.93009           -0.724782
                  14             2.07446           -0.673832
                  15             2.21922           -0.624007
                  16             2.36457           -0.575909
                  17             2.51063           -0.530027
                  18             2.65747           -0.486718
                  19             2.80511           -0.446206
                  20             2.95351           -0.408596
                  21             3.10262           -0.373889
                  22             3.25236           -0.342006
                  23             3.40265           -0.312818
                  24              3.5534           -0.286161
                  25             3.70456           -0.261857
                  26             3.85605           -0.239723
                  27             4.00781           -0.219582
                  28             4.15981           -0.201264
                  29             4.31199           -0.184608
                  30             4.46434           -0.169466
                  31             4.61682           -0.155698
                  32              4.7694           -0.143175
                  33             4.92207            -0.13178
                  34             5.07481           -0.121402
                  35             5.22762           -0.111943
                  36             5.38047           -0.103312
                  37             5.53336          -0.0954285
                  38             5.68629          -0.0882193
                  39             5.83924          -0.0816194
                  40             5.99222          -0.0755707
                  41             6.14521          -0.0700212
                  42             6.29822          -0.0649245
                  43             6.45125           -0.060239
                  44             6.60428          -0.0559272
                  45             6.75733          -0.0519558
                  46             6.91038          -0.0482943
                  47             7.06344          -0.0449158
                  48              7.2165          -0.0417955
                  49             7.36957          -0.0389115
                  50             7.52264          -0.0362438
                  51             7.67572          -0.0337745
                  52              7.8288          -0.0314872
                  53             7.98188          -0.0293671
                  54             8.13496          -0.0274011
                  55             8.28804          -0.0255769
                  56             8.44113          -0.0238836
                  57             8.59422          -0.0223112
                  58             8.74731          -0.0208505
                  59              8.9004          -0.0194933
                  60             9.05349           -0.018232
                  61             9.20658          -0.0170597
                  62             9.35967            -0.01597
                  63             9.51276          -0.0149573
                  64             9.66586          -0.0140162
                  65             9.81895          -0.0131419
                  66             9.97204          -0.0123299
                  67             10.1251          -0.0115761
                  68             10.2782          -0.0108769
                  69             10.4313          -0.0102293
                  70             10.5844         -0.00963033
                  71             10.7375         -0.00907713
                  72             10.8906           -0.008567
                  73             11.0437          -0.0080975
                  74             11.1968         -0.00766647
                  75             11.3499         -0.00727196
                  76              11.503         -0.00691227
                  77             11.6561         -0.00658587
                  78             11.8092         -0.00629137
                  79             11.9623         -0.00602762
                  80             12.1154         -0.00579273
                  81             12.2685         -0.00558567
                  82             12.4216         -0.00540655
                  83             12.5747         -0.00526162
                  84             12.7278          -0.0051525
                  85             12.8809         -0.00507752
                  86             13.0339         -0.00502779
                  87              13.187         -0.00500236
                  88             13.3401         -0.00500114
                  89             13.4932         -0.00502448
                  90             13.6463         -0.00507375
                  91             13.7994         -0.00515092
                  92             13.9525          -0.0052587
                  93             14.1056         -0.00540049
                  94             14.2587         -0.00558195
                  95             14.4118         -0.00581137
                  96             14.5649         -0.00610085
                  97              14.718         -0.00646521
                  98             14.8711         -0.00694415
                  99             15.0242         -0.00765124
