            IntervalRadial            Vertical          Radial_vel        Vertical_vel
                   0                   0            -2.09684
                   1            0.157467            -2.08777
                   2             0.31284            -2.06061
                   3            0.464198            -2.01624
                   4            0.609892            -1.95581
                   5             0.74864            -1.88079
                   6            0.879608             -1.7929
                   7             1.00245            -1.69397
                   8             1.11745            -1.58601
                   9              1.2257            -1.47129
                  10             1.32927            -1.35234
                  11             1.43122            -1.23199
                  12             1.53531            -1.11348
                  13             1.64529            -1.00042
                  14             1.76385            -0.89639
                  15             1.89166           -0.803962
                  16              2.0275           -0.723805
                  17              2.1693           -0.654732
                  18             2.31512           -0.594605
                  19             2.46354           -0.541232
                  20             2.61366           -0.492821
                  21              2.7649           -0.448078
                  22             2.91697           -0.406184
                  23             3.06968           -0.366738
                  24               3.223           -0.329699
                  25             3.37693           -0.295286
                  26             3.53149           -0.263851
                  27              3.6867           -0.235739
                  28             3.84249           -0.211138
                  29             3.99879           -0.189973
                  30             4.15548            -0.17187
                  31             4.31243           -0.156243
                  32             4.46956           -0.142462
                  33             4.62679           -0.129994
                  34              4.7841           -0.118479
                  35             4.94146           -0.107712
                  36             5.09886          -0.0976115
                  37             5.25631          -0.0881742
                  38              5.4138          -0.0794432
                  39             5.57132          -0.0714759
                  40             5.72889          -0.0643168
                  41             5.88649          -0.0579763
                  42             6.04412          -0.0524187
                  43             6.20177          -0.0475624
                  44             6.35944          -0.0432923
                  45             6.51712          -0.0394819
                  46             6.67481          -0.0360184
                  47             6.83251          -0.0328203
                  48             6.99021          -0.0298409
                  49             7.14791          -0.0270624
                  50             7.30562          -0.0244842
                  51             7.46333          -0.0221134
                  52             7.62104          -0.0199561
                  53             7.77876          -0.0180119
                  54             7.93648          -0.0162723
                  55              8.0942          -0.0147229
                  56             8.25192          -0.0133452
                  57             8.40965           -0.012117
                  58             8.56737          -0.0110137
                  59             8.72509          -0.0100123
                  60             8.88282         -0.00909441
                  61             9.04055         -0.00824869
                  62             9.19827         -0.00746906
                  63               9.356         -0.00675406
                  64             9.51373         -0.00610282
                  65             9.67145         -0.00551604
                  66             9.82918         -0.00499018
                  67             9.98691          -0.0045176
                  68             10.1446         -0.00408631
                  69             10.3024           -0.003695
                  70             10.4601         -0.00335086
                  71             10.6178         -0.00305807
                  72             10.7755         -0.00280826
                  73             10.9333         -0.00259027
                  74              11.091         -0.00239916
                  75             11.2487         -0.00223073
                  76             11.4065         -0.00208247
                  77             11.5642         -0.00195421
                  78             11.7219          -0.0018437
                  79             11.8796         -0.00174977
                  80             12.0374         -0.00166869
                  81             12.1951         -0.00160197
                  82             12.3528          -0.0015305
                  83             12.5106         -0.00147751
                  84             12.6683          -0.0014709
                  85              12.826         -0.00154331
                  86             12.9837         -0.00163732
                  87             13.1415         -0.00173095
                  88             13.2992         -0.00183059
                  89             13.4569         -0.00193044
                  90             13.6147         -0.00203018
                  91             13.7724         -0.00213172
                  92             13.9301         -0.00223855
                  93             14.0878         -0.00235054
                  94             14.2456         -0.00247062
                  95             14.4033         -0.00260526
                  96              14.561         -0.00278178
                  97             14.7187         -0.00297585
                  98             14.8765         -0.00322375
                  99             15.0342         -0.00374415
