            IntervalRadial            Vertical          Radial_vel        Vertical_vel
                   0                   0             -4.5421
                   1            0.163861            -4.53455
                   2            0.326336            -4.51198
                   3            0.486105            -4.47481
                   4            0.641964            -4.42367
                   5            0.792863            -4.35935
                   6             0.93794             -4.2828
                   7             1.07653            -4.19505
                   8              1.2082            -4.09721
                   9             1.33273            -3.99045
                  10             1.45022            -3.87597
                  11             1.56102            -3.75501
                  12             1.66585            -3.62885
                  13             1.76579            -3.49877
                  14             1.86224            -3.36609
                  15             1.95692            -3.23214
                  16             2.05167            -3.09823
                  17             2.14834            -2.96571
                  18             2.24856            -2.83585
                  19             2.35356            -2.70982
                  20             2.46404            -2.58858
                  21             2.58025             -2.4728
                  22             2.70202            -2.36289
                  23             2.82894            -2.25898
                  24             2.96047            -2.16096
                  25             3.09604            -2.06862
                  26             3.23513            -1.98166
                  27             3.37725            -1.89975
                  28               3.522            -1.82258
                  29             3.66904            -1.74986
                  30             3.81807            -1.68132
                  31             3.96886            -1.61675
                  32              4.1212            -1.55592
                  33             4.27491            -1.49866
                  34             4.42984            -1.44476
                  35             4.58584            -1.39404
                  36             4.74277             -1.3463
                  37             4.90052            -1.30133
                  38             5.05898            -1.25893
                  39             5.21806            -1.21892
                  40             5.37768            -1.18111
                  41             5.53777            -1.14534
                  42             5.69827            -1.11146
                  43             5.85913            -1.07935
                  44             6.02031            -1.04887
                  45             6.18177            -1.01993
                  46             6.34348           -0.992423
                  47             6.50542           -0.966258
                  48             6.66755           -0.941349
                  49             6.82986           -0.917617
                  50             6.99233           -0.894983
                  51             7.15493           -0.873379
                  52             7.31766           -0.852738
                  53             7.48051           -0.832999
                  54             7.64345           -0.814107
                  55             7.80649            -0.79601
                  56              7.9696           -0.778663
                  57             8.13279           -0.762021
                  58             8.29605           -0.746045
                  59             8.45936           -0.730698
                  60             8.62273           -0.715945
                  61             8.78615           -0.701755
                  62             8.94962           -0.688095
                  63             9.11312           -0.674939
                  64             9.27667            -0.66226
                  65             9.44025           -0.650033
                  66             9.60386           -0.638236
                  67              9.7675           -0.626846
                  68             9.93116           -0.615843
                  69             10.0949           -0.605208
                  70             10.2586           -0.594925
                  71             10.4223           -0.584979
                  72             10.5861           -0.575354
                  73             10.7498           -0.566035
                  74             10.9136           -0.557007
                  75             11.0774           -0.548257
                  76             11.2412           -0.539771
                  77             11.4051           -0.531537
                  78             11.5689           -0.523546
                  79             11.7327           -0.515786
                  80             11.8966           -0.508247
                  81             12.0605           -0.500922
                  82             12.2244           -0.493798
                  83             12.3882           -0.486873
                  84             12.5521           -0.480153
                  85             12.7161           -0.473637
                  86               12.88           -0.467301
                  87             13.0439           -0.461117
                  88             13.2078           -0.455075
                  89             13.3717           -0.449169
                  90             13.5357           -0.443395
                  91             13.6996           -0.437751
                  92             13.8635           -0.432236
                  93             14.0275           -0.426848
                  94             14.1914           -0.421589
                  95             14.3554           -0.416463
                  96             14.5194           -0.411477
                  97             14.6833           -0.406632
                  98             14.8473           -0.401956
                  99             15.0113           -0.397547
