            IntervalRadial            Vertical          Radial_vel        Vertical_vel
                   0                   0            -17.3894
                   1            0.279735            -17.3582
                   2            0.546249            -17.2677
                   3             0.78824             -17.124
                   4             0.99603            -16.9341
                   5             1.16186            -16.7067
                   6             1.27856            -16.4506
                   7             1.34088            -16.1761
                   8             1.34969            -15.8948
                   9             1.31051             -15.616
                  10              1.2328            -15.3455
                  11             1.12921            -15.0838
                  12             1.01304            -14.8274
                  13            0.900652            -14.5694
                  14             0.80678             -14.304
                  15            0.736389            -14.0315
                  16            0.687272            -13.7544
                  17            0.655252            -13.4747
                  18            0.635683             -13.194
                  19             0.62457            -12.9127
                  20            0.619173            -12.6313
                  21            0.617863            -12.3498
                  22             0.61975            -12.0684
                  23            0.624374            -11.7869
                  24            0.631503            -11.5056
                  25            0.641019            -11.2243
                  26            0.652868            -10.9431
                  27            0.667036            -10.6619
                  28            0.683549             -10.381
                  29            0.702471            -10.1001
                  30            0.723904            -9.81949
                  31            0.747985            -9.53906
                  32             0.77489            -9.25888
                  33            0.804833            -8.97901
                  34            0.838064            -8.69952
                  35             0.87487            -8.42047
                  36            0.915578            -8.14197
                  37            0.960556            -7.86412
                  38             1.01021            -7.58707
                  39             1.06498            -7.31098
                  40             1.12534            -7.03607
                  41             1.19182            -6.76257
                  42             1.26496            -6.49077
                  43             1.34531            -6.22102
                  44             1.43346            -5.95371
                  45             1.52998            -5.68931
                  46             1.63542            -5.42835
                  47             1.75031             -5.1714
                  48             1.87513            -4.91912
                  49             2.01029            -4.67224
                  50             2.15612             -4.4315
                  51             2.31285             -4.1977
                  52             2.48058            -3.97167
                  53             2.65927            -3.75421
                  54             2.84874            -3.54607
                  55             3.04864            -3.34792
                  56             3.25845            -3.16029
                  57             3.47752            -2.98357
                  58             3.70508            -2.81793
                  59              3.9403            -2.66335
                  60             4.18231            -2.51963
                  61             4.43024            -2.38641
                  62              4.6833            -2.26318
                  63             4.94072            -2.14935
                  64             5.20183            -2.04427
                  65             5.46605            -1.94727
                  66             5.73288            -1.85768
                  67             6.00189            -1.77488
                  68             6.27273            -1.69826
                  69             6.54509            -1.62725
                  70             6.81873            -1.56136
                  71             7.09345            -1.50011
                  72             7.36908            -1.44308
                  73             7.64547             -1.3899
                  74             7.92252            -1.34021
                  75             8.20011            -1.29372
                  76             8.47819            -1.25016
                  77             8.75667            -1.20927
                  78             9.03549            -1.17084
                  79             9.31462            -1.13466
                  80             9.59402            -1.10057
                  81             9.87364            -1.06839
                  82             10.1535            -1.03799
                  83             10.4334            -1.00923
                  84             10.7136           -0.982004
                  85             10.9939           -0.956198
                  86             11.2743           -0.931713
                  87             11.5548           -0.908468
                  88             11.8354           -0.886379
                  89              12.116           -0.865372
                  90             12.3968           -0.845395
                  91             12.6776           -0.826402
                  92             12.9585            -0.80831
                  93             13.2394           -0.791064
                  94             13.5204           -0.774615
                  95             13.8015           -0.758949
                  96             14.0825           -0.744032
                  97             14.3636           -0.729899
                  98             14.6448           -0.716555
                  99              14.926           -0.704268
