            IntervalRadial            Vertical          Radial_vel        Vertical_vel
                   0                   0            -12.5403
                   1            0.269076            -12.5134
                   2            0.527156            -12.4326
                   3            0.763291            -12.3007
                   4            0.964262            -12.1198
                   5             1.11729            -11.8969
                   6             1.22129            -11.6472
                   7             1.27662            -11.3825
                   8             1.27596             -11.112
                   9              1.2186            -10.8478
                  10             1.11703            -10.5971
                  11            0.988179            -10.3594
                  12             0.84807            -10.1281
                  13            0.710341            -9.89533
                  14            0.582061            -9.65725
                  15            0.471174             -9.4106
                  16            0.385197            -9.15419
                  17            0.327991            -8.88986
                  18            0.297136            -8.62116
                  19            0.284771              -8.351
                  20            0.283049            -8.08056
                  21            0.286181            -7.81014
                  22            0.290617            -7.53974
                  23             0.29475            -7.26933
                  24            0.298306            -6.99892
                  25            0.301646             -6.7285
                  26             0.30531            -6.45809
                  27            0.309791            -6.18768
                  28             0.31546            -5.91731
                  29             0.32258            -5.64696
                  30            0.331357            -5.37666
                  31            0.341987            -5.10644
                  32            0.354685            -4.83629
                  33            0.369712            -4.56627
                  34            0.387387            -4.29641
                  35            0.408103            -4.02677
                  36            0.432346            -3.75742
                  37            0.460716            -3.48847
                  38            0.493953            -3.22008
                  39            0.532972            -2.95248
                  40            0.578895            -2.68596
                  41            0.633091            -2.42101
                  42            0.697223            -2.15829
                  43            0.773277            -1.89876
                  44             0.86358            -1.64385
                  45            0.970745            -1.39555
                  46             1.09749            -1.15665
                  47              1.2463           -0.930839
                  48             1.41888           -0.722627
                  49             1.61557           -0.537034
                  50             1.83489           -0.378819
                  51             2.07336           -0.251278
                  52             2.32607           -0.154996
                  53              2.5879          -0.0873314
                  54             2.85471          -0.0431464
                  55             3.12382          -0.0163633
                  56             3.39384         -0.00140125
                  57             3.66418          0.00608577
                  58              3.9346          0.00912708
                  59             4.20504          0.00968274
                  60             4.47547           0.0089566
                  61             4.74591          0.00765781
                  62             5.01634          0.00618653
                  63             5.28678          0.00475586
                  64             5.55722          0.00346857
                  65             5.82765          0.00236427
                  66             6.09809          0.00144808
                  67             6.36853         0.000707499
                  68             6.63896         0.000122269
                  69              6.9094        -0.000330233
                  70             7.17984        -0.000672071
                  71             7.45028         -0.00092335
                  72             7.72072         -0.00110165
                  73             7.99116         -0.00122194
                  74             8.26159         -0.00129669
                  75             8.53203         -0.00133617
                  76             8.80247         -0.00134871
                  77             9.07291         -0.00134102
                  78             9.34335          -0.0013184
                  79             9.61379          -0.0012851
                  80             9.88423         -0.00124429
                  81             10.1547         -0.00119865
                  82             10.4251         -0.00114981
                  83             10.6955         -0.00109956
                  84              10.966         -0.00104831
                  85             11.2364        -0.000997559
                  86             11.5069        -0.000946475
                  87             11.7773        -0.000896982
                  88             12.0477        -0.000846569
                  89             12.3182        -0.000798549
                  90             12.5886        -0.000747949
                  91              12.859        -0.000701546
                  92             13.1295        -0.000649817
                  93             13.3999        -0.000606435
                  94             13.6704        -0.000555542
                  95             13.9408        -0.000526689
                  96             14.2112        -0.000498383
                  97             14.4817        -0.000545745
                  98             14.7521        -0.000687263
                  99             15.0226         -0.00131661
