            IntervalRadial            Vertical          Radial_vel        Vertical_vel
                   0                   0              -7.641
                   1            0.186598            -7.62877
                   2            0.369998            -7.59226
                   3            0.547157            -7.53241
                   4            0.715243            -7.45046
                   5            0.871691            -7.34803
                   6             1.01425            -7.22701
                   7             1.14106            -7.08958
                   8             1.25075            -6.93813
                   9             1.34262            -6.77525
                  10             1.41673            -6.60357
                  11             1.47375            -6.42548
                  12             1.51474            -6.24302
                  13             1.54116             -6.0579
                  14             1.55529            -5.87144
                  15             1.56068            -5.68452
                  16             1.56247            -5.49753
                  17             1.56687            -5.31058
                  18             1.57991            -5.12404
                  19             1.60574            -4.93883
                  20             1.64588            -4.75619
                  21             1.69981            -4.57714
                  22             1.76614             -4.4023
                  23             1.84337            -4.23199
                  24             1.93016            -4.06636
                  25             2.02547            -3.90547
                  26             2.12849            -3.74941
                  27             2.23858            -3.59825
                  28             2.35524            -3.45211
                  29             2.47806             -3.3111
                  30             2.60668            -3.17536
                  31             2.74072            -3.04497
                  32             2.87984            -2.92002
                  33             3.02367            -2.80051
                  34             3.17184            -2.68644
                  35               3.324            -2.57773
                  36             3.47978            -2.47429
                  37             3.63886              -2.376
                  38             3.80094            -2.28273
                  39             3.96571            -2.19431
                  40             4.13292            -2.11057
                  41              4.3023            -2.03134
                  42             4.47363            -1.95641
                  43             4.64669            -1.88556
                  44             4.82128            -1.81859
                  45             4.99723            -1.75527
                  46             5.17438            -1.69538
                  47             5.35259            -1.63872
                  48             5.53173            -1.58508
                  49             5.71169            -1.53428
                  50             5.89239            -1.48615
                  51             6.07374            -1.44053
                  52             6.25566            -1.39726
                  53              6.4381            -1.35621
                  54             6.62099            -1.31722
                  55             6.80428            -1.28018
                  56             6.98793            -1.24495
                  57             7.17189            -1.21142
                  58             7.35614            -1.17947
                  59             7.54065            -1.14902
                  60             7.72537            -1.11996
                  61              7.9103            -1.09222
                  62             8.09541            -1.06571
                  63             8.28068            -1.04036
                  64              8.4661             -1.0161
                  65             8.65165           -0.992882
                  66             8.83732           -0.970632
                  67              9.0231           -0.949296
                  68             9.20897           -0.928825
                  69             9.39493           -0.909169
                  70             9.58098           -0.890284
                  71             9.76709           -0.872128
                  72             9.95327            -0.85466
                  73             10.1395           -0.837845
                  74             10.3258           -0.821653
                  75             10.5122           -0.806057
                  76             10.6985           -0.791026
                  77              10.885           -0.776528
                  78             11.0715           -0.762533
                  79              11.258           -0.749017
                  80             11.4445           -0.735956
                  81             11.6311           -0.723328
                  82             11.8177           -0.711114
                  83             12.0043           -0.699293
                  84             12.1909           -0.687845
                  85             12.3776            -0.67676
                  86             12.5643            -0.66606
                  87              12.751           -0.655738
                  88             12.9378           -0.645728
                  89             13.1245           -0.635987
                  90             13.3113             -0.6265
                  91              13.498           -0.617258
                  92             13.6848           -0.608255
                  93             13.8716            -0.59949
                  94             14.0584           -0.590963
                  95             14.2452           -0.582675
                  96              14.432           -0.574645
                  97             14.6189           -0.566882
                  98             14.8057           -0.559415
                  99             14.9926           -0.552455
