            IntervalRadial            Vertical          Radial_vel        Vertical_vel
                   0                   0            -0.29886
                   1            0.151655           -0.298246
                   2            0.303299           -0.296413
                   3            0.454926            -0.29341
                   4            0.606526           -0.289305
                   5            0.758096           -0.284193
                   6            0.909632           -0.278187
                   7             1.06114            -0.27141
                   8             1.21261           -0.263995
                   9             1.36406           -0.256073
                  10             1.51549           -0.247775
                  11              1.6669           -0.239218
                  12             1.81831           -0.230514
                  13             1.96971           -0.221758
                  14             2.12112           -0.213031
                  15             2.27253           -0.204404
                  16             2.42395           -0.195931
                  17             2.57538           -0.187659
                  18             2.72682           -0.179623
                  19             2.87828           -0.171849
                  20             3.02975           -0.164358
                  21             3.18123           -0.157162
                  22             3.33273           -0.150271
                  23             3.48424           -0.143687
                  24             3.63577            -0.13741
                  25             3.78731           -0.131438
                  26             3.93886           -0.125762
                  27             4.09042           -0.120376
                  28             4.24199           -0.115268
                  29             4.39357           -0.110427
                  30             4.54515           -0.105842
                  31             4.69675             -0.1015
                  32             4.84835          -0.0973897
                  33             4.99995          -0.0934982
                  34             5.15156          -0.0898142
                  35             5.30318          -0.0863263
                  36              5.4548          -0.0830237
                  37             5.60642          -0.0798959
                  38             5.75805          -0.0769329
                  39             5.90968          -0.0741251
                  40             6.06131          -0.0714633
                  41             6.21295           -0.068939
                  42             6.36458           -0.066544
                  43             6.51622          -0.0642705
                  44             6.66786          -0.0621114
                  45              6.8195            -0.06006
                  46             6.97115          -0.0581098
                  47             7.12279          -0.0562551
                  48             7.27444          -0.0544904
                  49             7.42608          -0.0528103
                  50             7.57773          -0.0512103
                  51             7.72938          -0.0496857
                  52             7.88103          -0.0482323
                  53             8.03268          -0.0468461
                  54             8.18433          -0.0455235
                  55             8.33598          -0.0442611
                  56             8.48763          -0.0430556
                  57             8.63928           -0.041904
                  58             8.79093          -0.0408036
                  59             8.94259          -0.0397516
                  60             9.09424          -0.0387455
                  61             9.24589          -0.0377831
                  62             9.39754          -0.0368622
                  63              9.5492          -0.0359807
                  64             9.70085          -0.0351369
                  65             9.85251          -0.0343287
                  66             10.0042          -0.0335545
                  67             10.1558          -0.0328126
                  68             10.3075          -0.0321018
                  69             10.4591          -0.0314211
                  70             10.6108          -0.0307692
                  71             10.7624          -0.0301449
                  72             10.9141          -0.0295467
                  73             11.0657          -0.0289734
                  74             11.2174          -0.0284239
                  75             11.3691          -0.0278974
                  76             11.5207          -0.0273928
                  77             11.6724          -0.0269093
                  78              11.824          -0.0264462
                  79             11.9757          -0.0260028
                  80             12.1273          -0.0255779
                  81              12.279          -0.0251709
                  82             12.4306          -0.0247822
                  83             12.5823          -0.0244149
                  84             12.7339           -0.024069
                  85             12.8856          -0.0237425
                  86             13.0373          -0.0234297
                  87             13.1889          -0.0231305
                  88             13.3406          -0.0228442
                  89             13.4922          -0.0225705
                  90             13.6439          -0.0223095
                  91             13.7955          -0.0220616
                  92             13.9472           -0.021827
                  93             14.0988          -0.0216065
                  94             14.2505          -0.0214012
                  95             14.4022          -0.0212131
                  96             14.5538          -0.0210452
                  97             14.7055          -0.0208991
                  98             14.8571          -0.0207855
                  99             15.0088          -0.0207354
