            IntervalRadial            Vertical          Radial_vel        Vertical_vel
                   0                   0           -0.115446
                   1            0.151558           -0.115252
                   2            0.303115           -0.114673
                   3             0.45467           -0.113727
                   4            0.606222           -0.112438
                   5            0.757772           -0.110838
                   6            0.909318           -0.108964
                   7             1.06086           -0.106857
                   8              1.2124           -0.104556
                   9             1.36394             -0.1021
                  10             1.51548           -0.099526
                  11             1.66701          -0.0968655
                  12             1.81854          -0.0941475
                  13             1.97008          -0.0913972
                  14             2.12161          -0.0886361
                  15             2.27314           -0.085883
                  16             2.42468          -0.0831541
                  17             2.57621          -0.0804632
                  18             2.72774          -0.0778223
                  19             2.87928          -0.0752415
                  20             3.03082          -0.0727289
                  21             3.18236          -0.0702908
                  22              3.3339          -0.0679319
                  23             3.48544          -0.0656551
                  24             3.63698          -0.0634619
                  25             3.78852          -0.0613526
                  26             3.94007          -0.0593265
                  27             4.09161          -0.0573822
                  28             4.24316          -0.0555178
                  29             4.39471          -0.0537312
                  30             4.54625            -0.05202
                  31              4.6978          -0.0503818
                  32             4.84935           -0.048814
                  33              5.0009          -0.0473142
                  34             5.15245          -0.0458798
                  35             5.30401          -0.0445081
                  36             5.45556          -0.0431965
                  37             5.60711          -0.0419423
                  38             5.75866          -0.0407428
                  39             5.91022          -0.0395954
                  40             6.06177          -0.0384976
                  41             6.21333          -0.0374467
                  42             6.36488          -0.0364406
                  43             6.51644           -0.035477
                  44             6.66799          -0.0345537
                  45             6.81955          -0.0336688
                  46              6.9711          -0.0328204
                  47             7.12266          -0.0320067
                  48             7.27421           -0.031226
                  49             7.42577          -0.0304768
                  50             7.57733          -0.0297574
                  51             7.72888          -0.0290663
                  52             7.88044          -0.0284023
                  53               8.032          -0.0277639
                  54             8.18355          -0.0271499
                  55             8.33511          -0.0265592
                  56             8.48667          -0.0259906
                  57             8.63822          -0.0254432
                  58             8.78978          -0.0249159
                  59             8.94134          -0.0244079
                  60             9.09289          -0.0239181
                  61             9.24445          -0.0234458
                  62             9.39601          -0.0229902
                  63             9.54757          -0.0225506
                  64             9.69912          -0.0221262
                  65             9.85068          -0.0217164
                  66             10.0022          -0.0213204
                  67             10.1538          -0.0209376
                  68             10.3054          -0.0205677
                  69             10.4569          -0.0202103
                  70             10.6085          -0.0198649
                  71               10.76          -0.0195311
                  72             10.9116           -0.019208
                  73             11.0631          -0.0188953
                  74             11.2147          -0.0185925
                  75             11.3663          -0.0182991
                  76             11.5178          -0.0180149
                  77             11.6694          -0.0177394
                  78             11.8209          -0.0174723
                  79             11.9725          -0.0172133
                  80              12.124           -0.016962
                  81             12.2756          -0.0167181
                  82             12.4272          -0.0164817
                  83             12.5787          -0.0162542
                  84             12.7303          -0.0160353
                  85             12.8818          -0.0158241
                  86             13.0334          -0.0156182
                  87             13.1849          -0.0154175
                  88             13.3365          -0.0152216
                  89             13.4881          -0.0150305
                  90             13.6396          -0.0148441
                  91             13.7912          -0.0146624
                  92             13.9427          -0.0144856
                  93             14.0943          -0.0143138
                  94             14.2459          -0.0141472
                  95             14.3974          -0.0139864
                  96              14.549          -0.0138323
                  97             14.7005          -0.0136847
                  98             14.8521          -0.0135467
                  99             15.0036          -0.0134275
