            IntervalRadial            Vertical          Radial_vel        Vertical_vel
                   0                   0            -0.22544
                   1            0.151749           -0.224848
                   2            0.303489           -0.223078
                   3            0.455214           -0.220264
                   4            0.606919           -0.216582
                   5            0.758607           -0.212233
                   6            0.910282            -0.20743
                   7             1.06195            -0.20237
                   8             1.21361           -0.197191
                   9             1.36527           -0.191991
                  10             1.51693           -0.186811
                  11              1.6686           -0.181649
                  12             1.82026           -0.176481
                  13             1.97192           -0.171286
                  14             2.12358           -0.166042
                  15             2.27524           -0.160765
                  16              2.4269           -0.155485
                  17             2.57856           -0.150255
                  18             2.73022           -0.145138
                  19             2.88189           -0.140196
                  20             3.03357           -0.135475
                  21             3.18525           -0.131001
                  22             3.33694           -0.126774
                  23             3.48864           -0.122773
                  24             3.64034            -0.11896
                  25             3.79205           -0.115291
                  26             3.94376           -0.111727
                  27             4.09547           -0.108241
                  28             4.24718           -0.104823
                  29             4.39889           -0.101478
                  30             4.55061           -0.098222
                  31             4.70233          -0.0950781
                  32             4.85405          -0.0920665
                  33             5.00577          -0.0892031
                  34              5.1575          -0.0864921
                  35             5.30923          -0.0839283
                  36             5.46096          -0.0814956
                  37             5.61269          -0.0791712
                  38             5.76442          -0.0769292
                  39             5.91616          -0.0747485
                  40             6.06789          -0.0726164
                  41             6.21963          -0.0705299
                  42             6.37137          -0.0684927
                  43              6.5231          -0.0665138
                  44             6.67484          -0.0646037
                  45             6.82658          -0.0627718
                  46             6.97832          -0.0610232
                  47             7.13006          -0.0593584
                  48              7.2818          -0.0577725
                  49             7.43355          -0.0562576
                  50             7.58529          -0.0548027
                  51             7.73703          -0.0533962
                  52             7.88878          -0.0520245
                  53             8.04052            -0.05068
                  54             8.19227          -0.0493623
                  55             8.34401          -0.0480792
                  56             8.49576          -0.0468366
                  57              8.6475          -0.0456393
                  58             8.79925            -0.04449
                  59               8.951          -0.0433903
                  60             9.10274          -0.0423386
                  61             9.25449          -0.0413309
                  62             9.40624          -0.0403631
                  63             9.55798          -0.0394291
                  64             9.70973          -0.0385233
                  65             9.86148          -0.0376426
                  66             10.0132          -0.0367801
                  67              10.165          -0.0359326
                  68             10.3167          -0.0350997
                  69             10.4685          -0.0342988
                  70             10.6202          -0.0335346
                  71              10.772           -0.032808
                  72             10.9237          -0.0321095
                  73             11.0755          -0.0314412
                  74             11.2272          -0.0307993
                  75              11.379           -0.030178
                  76             11.5307          -0.0295763
                  77             11.6825          -0.0289915
                  78             11.8342          -0.0284211
                  79              11.986          -0.0278625
                  80             12.1377          -0.0273174
                  81             12.2895          -0.0267865
                  82             12.4412          -0.0262619
                  83              12.593          -0.0257653
                  84             12.7447          -0.0253031
                  85             12.8965           -0.024887
                  86             13.0482          -0.0244717
                  87                13.2          -0.0240715
                  88             13.3517          -0.0236844
                  89             13.5035           -0.023303
                  90             13.6552          -0.0229299
                  91              13.807          -0.0225644
                  92             13.9587          -0.0222071
                  93             14.1105          -0.0218594
                  94             14.2622          -0.0215199
                  95              14.414          -0.0211913
                  96             14.5657          -0.0208892
                  97             14.7175          -0.0205926
                  98             14.8692          -0.0203149
                  99              15.021          -0.0201331
