            IntervalRadial            Vertical          Radial_vel        Vertical_vel
                   0                   0            -1.88897
                   1            0.153674            -1.88583
                   2            0.307093            -1.87645
                   3            0.460015            -1.86095
                   4             0.61222            -1.83952
                   5            0.763521            -1.81243
                   6            0.913774            -1.78004
                   7             1.06288            -1.74273
                   8             1.21081            -1.70099
                   9             1.35758            -1.65534
                  10             1.50328            -1.60636
                  11             1.64803            -1.55467
                  12             1.79203            -1.50091
                  13              1.9355            -1.44575
                  14             2.07868            -1.38985
                  15             2.22182            -1.33386
                  16             2.36516            -1.27837
                  17              2.5089            -1.22392
                  18             2.65319            -1.17096
                  19             2.79816            -1.11986
                  20             2.94385            -1.07089
                  21              3.0903            -1.02423
                  22              3.2375            -0.97997
                  23             3.38541            -0.93814
                  24             3.53397           -0.898714
                  25             3.68313           -0.861624
                  26             3.83284           -0.826781
                  27             3.98302           -0.794076
                  28             4.13363           -0.763393
                  29             4.28462           -0.734613
                  30             4.43594           -0.707617
                  31             4.58754           -0.682287
                  32              4.7394           -0.658509
                  33             4.89147           -0.636173
                  34             5.04374           -0.615175
                  35             5.19617           -0.595416
                  36             5.34874           -0.576804
                  37             5.50144           -0.559254
                  38             5.65425           -0.542685
                  39             5.80716           -0.527024
                  40             5.96015           -0.512205
                  41             6.11321           -0.498166
                  42             6.26634           -0.484851
                  43             6.41953           -0.472208
                  44             6.57276            -0.46019
                  45             6.72604           -0.448755
                  46             6.87936           -0.437862
                  47             7.03271           -0.427476
                  48              7.1861           -0.417562
                  49             7.33951           -0.408091
                  50             7.49295           -0.399034
                  51             7.64641           -0.390365
                  52              7.7999           -0.382061
                  53              7.9534           -0.374098
                  54             8.10691           -0.366458
                  55             8.26044           -0.359121
                  56             8.41399            -0.35207
                  57             8.56754           -0.345288
                  58             8.72111           -0.338761
                  59             8.87469           -0.332475
                  60             9.02827           -0.326417
                  61             9.18187           -0.320574
                  62             9.33547           -0.314937
                  63             9.48908           -0.309493
                  64             9.64269           -0.304234
                  65             9.79632           -0.299151
                  66             9.94994           -0.294234
                  67             10.1036           -0.289475
                  68             10.2572           -0.284869
                  69             10.4109           -0.280406
                  70             10.5645           -0.276082
                  71             10.7181           -0.271889
                  72             10.8718           -0.267821
                  73             11.0255           -0.263874
                  74             11.1791           -0.260041
                  75             11.3328           -0.256319
                  76             11.4864           -0.252701
                  77             11.6401           -0.249184
                  78             11.7938           -0.245764
                  79             11.9474           -0.242437
                  80             12.1011           -0.239198
                  81             12.2548           -0.236045
                  82             12.4085           -0.232975
                  83             12.5621           -0.229988
                  84             12.7158            -0.22708
                  85             12.8695           -0.224247
                  86             13.0232            -0.22148
                  87             13.1769           -0.218777
                  88             13.3305           -0.216135
                  89             13.4842           -0.213552
                  90             13.6379           -0.211027
                  91             13.7916           -0.208557
                  92             13.9453           -0.206142
                  93              14.099           -0.203782
                  94             14.2527           -0.201475
                  95             14.4063           -0.199221
                  96               14.56           -0.197023
                  97             14.7137           -0.194879
                  98             14.8674           -0.192796
                  99             15.0211           -0.190793
