            IntervalRadial            Vertical          Radial_vel        Vertical_vel
                   0                   0            -7.18116
                   1            0.182514            -7.16951
                   2            0.362059            -7.13471
                   3            0.535803            -7.07761
                   4            0.701118            -6.99939
                   5            0.855638            -6.90156
                   6            0.997323            -6.78592
                   7             1.12452            -6.65452
                   8             1.23608             -6.5096
                   9             1.33145            -6.35355
                  10             1.41068            -6.18871
                  11             1.47433            -6.01726
                  12             1.52333            -5.84106
                  13              1.5591            -5.66171
                  14              1.5839            -5.48051
                  15             1.60123            -5.29845
                  16             1.61592            -5.11615
                  17             1.63366            -4.93413
                  18             1.65984            -4.75313
                  19              1.6982            -4.57431
                  20             1.75014            -4.39895
                  21             1.81526            -4.22805
                  22             1.89228            -4.06218
                  23             1.97973            -3.90155
                  24             2.07629            -3.74624
                  25             2.18089            -3.59622
                  26             2.29266            -3.45146
                  27             2.41092            -3.31195
                  28             2.53512             -3.1777
                  29              2.6648            -3.04875
                  30             2.79956            -2.92511
                  31             2.93903             -2.8068
                  32             3.08283            -2.69381
                  33             3.23063            -2.58609
                  34             3.38206            -2.48354
                  35             3.53679            -2.38606
                  36             3.69452            -2.29349
                  37             3.85495            -2.20568
                  38              4.0178            -2.12246
                  39             4.18284            -2.04364
                  40             4.34981            -1.96904
                  41             4.51853            -1.89846
                  42             4.68878            -1.83167
                  43              4.8604            -1.76847
                  44             5.03323            -1.70865
                  45             5.20712              -1.652
                  46             5.38195            -1.59833
                  47             5.55762            -1.54745
                  48             5.73403             -1.4992
                  49             5.91109            -1.45343
                  50             6.08874            -1.40998
                  51             6.26691            -1.36873
                  52             6.44555            -1.32954
                  53              6.6246            -1.29227
                  54             6.80402            -1.25682
                  55             6.98376            -1.22306
                  56             7.16379            -1.19089
                  57             7.34409             -1.1602
                  58             7.52461            -1.13091
                  59             7.70534            -1.10293
                  60             7.88626            -1.07618
                  61             8.06735             -1.0506
                  62             8.24859            -1.02611
                  63             8.42996            -1.00265
                  64             8.61146           -0.980172
                  65             8.79307           -0.958612
                  66             8.97479            -0.93792
                  67             9.15659           -0.918048
                  68             9.33847           -0.898949
                  69             9.52044           -0.880584
                  70             9.70247           -0.862913
                  71             9.88456           -0.845898
                  72             10.0667           -0.829504
                  73             10.2489           -0.813704
                  74             10.4312           -0.798472
                  75             10.6135           -0.783783
                  76             10.7958           -0.769606
                  77             10.9782           -0.755914
                  78             11.1606            -0.74268
                  79              11.343           -0.729882
                  80             11.5255             -0.7175
                  81              11.708           -0.705513
                  82             11.8905           -0.693905
                  83              12.073           -0.682657
                  84             12.2556           -0.671751
                  85             12.4382           -0.661188
                  86             12.6208           -0.650994
                  87             12.8034           -0.641143
                  88              12.986           -0.631566
                  89             13.1687           -0.622234
                  90             13.3513           -0.613133
                  91              13.534           -0.604255
                  92             13.7167           -0.595599
                  93             13.8994           -0.587161
                  94             14.0821           -0.578943
                  95             14.2648           -0.570948
                  96             14.4475           -0.563196
                  97             14.6302           -0.555692
                  98              14.813           -0.548469
                  99             14.9957           -0.541737
