            IntervalRadial            Vertical          Radial_vel        Vertical_vel
                   0                   0           -0.173389
                   1            0.152065           -0.166128
                   2            0.302874           -0.145322
                   3            0.451858           -0.114013
                   4            0.599674          -0.0775875
                   5            0.748153          -0.0439655
                   6            0.898692          -0.0212882
                   7             1.05076          -0.0140564
                   8             1.20281          -0.0215877
                   9             1.35397          -0.0396426
                  10             1.50455          -0.0620439
                  11             1.65548          -0.0820043
                  12             1.80725          -0.0938667
                  13             1.95949          -0.0947699
                  14             2.11141          -0.0849446
                  15             2.26258          -0.0669362
                  16             2.41314           -0.044432
                  17             2.56366          -0.0216325
                  18             2.71473         -0.00277429
                  19             2.86656          0.00833368
                  20              3.0188          0.00936688
                  21             3.17079         0.000661502
                  22             3.32226          -0.0145212
                  23             3.47357          -0.0313436
                  24             3.62518          -0.0451173
                  25             3.77724          -0.0524673
                  26             3.92948          -0.0518402
                  27              4.0815          -0.0437533
                  28             4.23316          -0.0305033
                  29             4.38465          -0.0153961
                  30             4.53627         -0.00171496
                  31              4.6882          0.00794138
                  32             4.84039           0.0119945
                  33             4.99261          0.00995768
                  34             5.14467          0.00259203
                  35             5.29653          -0.0080857
                  36             5.44837           -0.019127
                  37             5.60038          -0.0275208
                  38             5.75257          -0.0311547
                  39              5.9048          -0.0293998
                  40             6.05691          -0.0230424
                  41             6.20887          -0.0138897
                  42              6.3608         -0.00421851
                  43             6.51283          0.00376578
                  44             6.66499          0.00847064
                  45             6.81723          0.00921173
                  46             6.96944           0.0062471
                  47             7.12157         0.000556058
                  48             7.27365         -0.00639604
                  49             7.42575          -0.0129291
                  50             7.57792          -0.0174491
                  51             7.73015          -0.0188611
                  52             7.88237           -0.016908
                  53             8.03454          -0.0122651
                  54             8.18666          -0.0062601
                  55             8.33879        -0.000428967
                  56             8.49096          0.00391082
                  57             8.64319          0.00591842
                  58             8.79542          0.00537299
                  59             8.94764          0.00265376
                  60             9.09982         -0.00139999
                  61               9.252         -0.00574629
                  62             9.40419         -0.00937701
                  63             9.55641          -0.0115149
                  64             9.70865          -0.0117372
                  65             9.86088          -0.0100664
                  66             10.0131         -0.00698435
                  67             10.1653         -0.00332982
                  68             10.3175        -5.50399e-05
                  69             10.4697          0.00207824
                  70             10.6219           0.0026827
                  71             10.7742          0.00177944
                  72             10.9264        -0.000276753
                  73             11.0786         -0.00290868
                  74             11.2308         -0.00546355
                  75             11.3831         -0.00737988
                  76             11.5353         -0.00829143
                  77             11.6875         -0.00808728
                  78             11.8398         -0.00690768
                  79              11.992         -0.00510453
                  80             12.1442          -0.0031502
                  81             12.2964         -0.00153954
                  82             12.4487        -0.000681426
                  83             12.6009        -0.000731077
                  84             12.7532         -0.00158328
                  85             12.9054         -0.00291891
                  86             13.0576         -0.00443327
                  87             13.2099         -0.00580357
                  88             13.3621         -0.00676937
                  89             13.5143         -0.00720441
                  90             13.6666         -0.00710952
                  91             13.8188         -0.00660115
                  92              13.971         -0.00587466
                  93             14.1233         -0.00515678
                  94             14.2755         -0.00465451
                  95             14.4277         -0.00451438
                  96               14.58         -0.00475947
                  97             14.7322         -0.00535417
                  98             14.8845         -0.00616481
                  99             15.0367         -0.00683583
