            IntervalRadial            Vertical          Radial_vel        Vertical_vel
                   0                   0            -1.68473
                   1            0.159083            -1.67451
                   2            0.315527             -1.6439
                   3            0.466867            -1.59382
                   4            0.610732            -1.52516
                   5            0.744981             -1.4392
                   6            0.867918            -1.33772
                   7            0.978577            -1.22297
                   8             1.07698            -1.09756
                   9             1.16424           -0.964154
                  10             1.24251           -0.825283
                  11             1.31527           -0.683446
                  12             1.38774           -0.541461
                  13             1.46735           -0.403349
                  14             1.56267           -0.275577
                  15             1.68011           -0.167783
                  16             1.81815          -0.0880533
                  17             1.96896          -0.0364216
                  18             2.12556         -0.00659405
                  19             2.28423           0.0087139
                  20             2.44351           0.0152014
                  21             2.60291           0.0167257
                  22             2.76232           0.0157181
                  23             2.92172           0.0136301
                  24             3.08111           0.0112756
                  25             3.24051          0.00906706
                  26              3.3999          0.00717362
                  27             3.55931          0.00562582
                  28             3.71871          0.00438323
                  29             3.87812          0.00337923
                  30             4.03753          0.00255348
                  31             4.19694          0.00186998
                  32             4.35635          0.00131483
                  33             4.51576         0.000881161
                  34             4.67517         0.000557288
                  35             4.83458         0.000325197
                  36             4.99399         0.000164908
                  37              5.1534         5.83269e-05
                  38             5.31281         -9.2895e-06
                  39             5.47222         -4.9343e-05
                  40             5.63163        -7.04007e-05
                  41             5.79104        -7.87612e-05
                  42             5.95045        -7.89587e-05
                  43             6.10986        -7.41767e-05
                  44             6.26927         -6.6581e-05
                  45             6.42868        -5.75928e-05
                  46             6.58809        -4.81203e-05
                  47              6.7475        -3.87461e-05
                  48             6.90692        -2.98537e-05
                  49             7.06633        -2.16933e-05
                  50             7.22574        -1.44101e-05
                  51             7.38515        -8.06301e-06
                  52             7.54456        -2.64575e-06
                  53             7.70397         1.89066e-06
                  54             7.86338         5.61945e-06
                  55             8.02279         8.62514e-06
                  56              8.1822         1.09954e-05
                  57             8.34161         1.28159e-05
                  58             8.50102         1.41673e-05
                  59             8.66043         1.51237e-05
                  60             8.81984         1.57514e-05
                  61             8.97925         1.61091e-05
                  62             9.13866         1.62477e-05
                  63             9.29807         1.62112e-05
                  64             9.45748         1.60369e-05
                  65             9.61689          1.5756e-05
                  66             9.77631          1.5395e-05
                  67             9.93572         1.49765e-05
                  68             10.0951         1.45203e-05
                  69             10.2545          1.4041e-05
                  70             10.4139         1.35484e-05
                  71             10.5734         1.30491e-05
                  72             10.7328         1.25503e-05
                  73             10.8922         1.20573e-05
                  74             11.0516         1.15761e-05
                  75              11.211         1.11061e-05
                  76             11.3704         1.06543e-05
                  77             11.5298         1.02109e-05
                  78             11.6892         9.79264e-06
                  79             11.8486         9.37194e-06
                  80             12.0081         8.99302e-06
                  81             12.1675         8.68299e-06
                  82             12.3269         8.63342e-06
                  83             12.4863         8.71759e-06
                  84             12.6457         8.69119e-06
                  85             12.8051         8.29373e-06
                  86             12.9645         7.85175e-06
                  87             13.1239         7.63348e-06
                  88             13.2833         7.66696e-06
                  89             13.4427          8.0341e-06
                  90             13.6022         8.84368e-06
                  91             13.7616         1.02346e-05
                  92              13.921         1.23898e-05
                  93             14.0804         1.55245e-05
                  94             14.2398         1.98367e-05
                  95             14.3992         2.50647e-05
                  96             14.5586         3.04509e-05
                  97              14.718         3.18289e-05
                  98             14.8774         1.77666e-05
                  99             15.0369        -7.62135e-05
