            IntervalRadial            Vertical          Radial_vel        Vertical_vel
                   0                   0            -1.12849
                   1            0.154354            -1.12146
                   2            0.307432            -1.10044
                   3            0.458071            -1.06605
                   4            0.605303            -1.01917
                   5            0.748438            -0.96097
                   6            0.887136           -0.892871
                   7             1.02147           -0.816525
                   8             1.15198           -0.733799
                   9             1.27965           -0.646777
                  10             1.40595           -0.557759
                  11             1.53262           -0.469276
                  12             1.66151           -0.384057
                  13             1.79421           -0.304898
                  14             1.93167           -0.234338
                  15               2.074           -0.174202
                  16             2.22054           -0.125212
                  17             2.37024          -0.0869434
                  18             2.52205          -0.0581303
                  19             2.67512          -0.0371106
                  20             2.82892          -0.0221941
                  21             2.98309          -0.0118775
                  22             3.13744         -0.00492791
                  23             3.29189         -0.00038723
                  24             3.44638           0.0024622
                  25             3.60089          0.00414354
                  26              3.7554          0.00503055
                  27             3.90991          0.00538632
                  28             4.06443          0.00539418
                  29             4.21894          0.00518137
                  30             4.37345          0.00483624
                  31             4.52797          0.00442024
                  32             4.68248          0.00397581
                  33               4.837          0.00353158
                  34             4.99151          0.00310596
                  35             5.14602          0.00270981
                  36             5.30054          0.00234865
                  37             5.45505           0.0020244
                  38             5.60956          0.00173663
                  39             5.76408          0.00148354
                  40             5.91859          0.00126254
                  41             6.07311          0.00107071
                  42             6.22762         0.000905047
                  43             6.38214         0.000762606
                  44             6.53665         0.000640616
                  45             6.69116         0.000536521
                  46             6.84568         0.000447999
                  47             7.00019         0.000372966
                  48             7.15471         0.000309568
                  49             7.30922         0.000256168
                  50             7.46374         0.000211328
                  51             7.61825         0.000173794
                  52             7.77277         0.000142476
                  53             7.92728         0.000116433
                  54             8.08179         9.48516e-05
                  55             8.23631         7.70355e-05
                  56             8.39082         6.23871e-05
                  57             8.54534         5.03964e-05
                  58             8.69985         4.06287e-05
                  59             8.85437         3.27145e-05
                  60             9.00888         2.63407e-05
                  61             9.16339         2.12423e-05
                  62             9.31791         1.71959e-05
                  63             9.47242         1.40134e-05
                  64             9.62694         1.15373e-05
                  65             9.78145         9.63572e-06
                  66             9.93597          8.1996e-06
                  67             10.0905         7.13869e-06
                  68              10.245         6.37844e-06
                  69             10.3995         5.85707e-06
                  70              10.554          5.5246e-06
                  71             10.7085         5.34179e-06
                  72             10.8631         5.27892e-06
                  73             11.0176         5.31373e-06
                  74             11.1721         5.43071e-06
                  75             11.3266         5.61992e-06
                  76             11.4811         5.87791e-06
                  77             11.6356         6.20423e-06
                  78             11.7901         6.60953e-06
                  79             11.9447          7.0984e-06
                  80             12.0992         7.73303e-06
                  81             12.2537         8.56693e-06
                  82             12.4082         9.67458e-06
                  83             12.5627         1.08453e-05
                  84             12.7172         1.19804e-05
                  85             12.8717         1.30613e-05
                  86             13.0263         1.44381e-05
                  87             13.1808         1.61988e-05
                  88             13.3353         1.83786e-05
                  89             13.4898         2.10105e-05
                  90             13.6443         2.40803e-05
                  91             13.7988         2.75125e-05
                  92             13.9533         3.11164e-05
                  93             14.1079         3.44946e-05
                  94             14.2624         3.68154e-05
                  95             14.4169         3.63702e-05
                  96             14.5714          2.9879e-05
                  97             14.7259         1.01506e-05
                  98             14.8804        -3.95269e-05
                  99             15.0349        -0.000178084
