            IntervalRadial            Vertical          Radial_vel        Vertical_vel
                   0                   0            -5.56593
                   1            0.169982            -5.55508
                   2            0.337196            -5.52266
                   3            0.499075            -5.46968
                   4            0.653327            -5.39744
                   5            0.797995            -5.30754
                   6            0.931513            -5.20178
                   7             1.05278            -5.08217
                   8             1.16123            -4.95083
                   9             1.25686            -4.80989
                  10             1.34019            -4.66133
                  11             1.41226              -4.507
                  12             1.47486             -4.3486
                  13             1.53079            -4.18771
                  14             1.58406            -4.02593
                  15             1.63962            -3.86492
                  16             1.70252            -3.70663
                  17             1.77654            -3.55323
                  18             1.86322             -3.4066
                  19             1.96195            -3.26781
                  20               2.071            -3.13697
                  21             2.18837            -3.01354
                  22             2.31236            -2.89675
                  23              2.4416            -2.78581
                  24             2.57512            -2.68005
                  25             2.71219            -2.57894
                  26             2.85235            -2.48215
                  27             2.99528            -2.38952
                  28             3.14082            -2.30103
                  29             3.28884            -2.21676
                  30             3.43924            -2.13682
                  31             3.59187            -2.06122
                  32             3.74653            -1.98986
                  33             3.90299            -1.92252
                  34             4.06099            -1.85892
                  35             4.22032            -1.79871
                  36             4.38079             -1.7416
                  37             4.54223            -1.68729
                  38             4.70451            -1.63555
                  39             4.86753            -1.58619
                  40             5.03121            -1.53907
                  41             5.19548            -1.49407
                  42              5.3603            -1.45111
                  43             5.52563            -1.41013
                  44             5.69141            -1.37105
                  45             5.85762            -1.33379
                  46              6.0242            -1.29827
                  47             6.19112            -1.26436
                  48             6.35834            -1.23198
                  49             6.52583            -1.20101
                  50             6.69355            -1.17135
                  51             6.86149            -1.14291
                  52             7.02962            -1.11562
                  53             7.19792            -1.08942
                  54             7.36638            -1.06425
                  55             7.53498            -1.04007
                  56             7.70371            -1.01682
                  57             7.87257           -0.994479
                  58             8.04154           -0.972993
                  59              8.2106           -0.952323
                  60             8.37977           -0.932428
                  61             8.54901           -0.913266
                  62             8.71834           -0.894795
                  63             8.88773           -0.876978
                  64             9.05719           -0.859777
                  65              9.2267           -0.843164
                  66             9.39627            -0.82711
                  67             9.56589           -0.811591
                  68             9.73556           -0.796583
                  69             9.90527           -0.782061
                  70              10.075           -0.767999
                  71             10.2448           -0.754382
                  72             10.4146           -0.741203
                  73             10.5845           -0.728447
                  74             10.7543            -0.71609
                  75             10.9242           -0.704106
                  76             11.0942           -0.692472
                  77             11.2641           -0.681172
                  78             11.4341           -0.670188
                  79             11.6041            -0.65951
                  80             11.7741           -0.649121
                  81             11.9441           -0.639013
                  82             12.1142           -0.629172
                  83             12.2842           -0.619582
                  84             12.4543           -0.610256
                  85             12.6244           -0.601233
                  86             12.7945           -0.592509
                  87             12.9646           -0.583996
                  88             13.1347           -0.575657
                  89             13.3049           -0.567483
                  90              13.475           -0.559465
                  91             13.6452           -0.551602
                  92             13.8153           -0.543896
                  93             13.9855           -0.536346
                  94             14.1556           -0.528958
                  95             14.3258           -0.521737
                  96              14.496           -0.514711
                  97             14.6662            -0.50787
                  98             14.8364           -0.501256
                  99             15.0066           -0.495113
