            IntervalRadial            Vertical          Radial_vel        Vertical_vel
                   0                   0           -0.674588
                   1            0.152137           -0.671792
                   2            0.304073           -0.663489
                   3            0.455647           -0.650111
                   4            0.606765           -0.632308
                   5            0.757414           -0.610897
                   6            0.907658           -0.586812
                   7             1.05762           -0.561024
                   8             1.20744           -0.534442
                   9             1.35726           -0.507849
                  10             1.50719           -0.481841
                  11             1.65728           -0.456807
                  12             1.80755           -0.432925
                  13             1.95801           -0.410222
                  14             2.10863           -0.388609
                  15             2.25939           -0.367965
                  16             2.41026            -0.34817
                  17             2.56123           -0.329147
                  18             2.71229           -0.310869
                  19             2.86344           -0.293361
                  20             3.01469           -0.276679
                  21             3.16603           -0.260887
                  22             3.31747           -0.246039
                  23             3.46899           -0.232162
                  24             3.62061           -0.219243
                  25              3.7723           -0.207235
                  26             3.92405           -0.196055
                  27             4.07585           -0.185611
                  28              4.2277           -0.175802
                  29             4.37958           -0.166544
                  30             4.53149           -0.157773
                  31             4.68342           -0.149444
                  32             4.83538           -0.141538
                  33             4.98736           -0.134045
                  34             5.13936           -0.126966
                  35             5.29137           -0.120302
                  36             5.44341           -0.114046
                  37             5.59546           -0.108185
                  38             5.74752           -0.102695
                  39              5.8996          -0.0975449
                  40             6.05168          -0.0927025
                  41             6.20378          -0.0881352
                  42             6.35588          -0.0838146
                  43             6.50799          -0.0797178
                  44              6.6601          -0.0758281
                  45             6.81222           -0.072135
                  46             6.96434          -0.0686319
                  47             7.11647          -0.0653148
                  48              7.2686            -0.06218
                  49             7.42073          -0.0592234
                  50             7.57287          -0.0564382
                  51             7.72501           -0.053814
                  52             7.87715          -0.0513368
                  53              8.0293          -0.0489935
                  54             8.18144          -0.0467739
                  55             8.33359          -0.0446715
                  56             8.48574          -0.0426802
                  57             8.63789          -0.0407936
                  58             8.79004           -0.039006
                  59              8.9422           -0.037313
                  60             9.09435          -0.0357107
                  61             9.24651          -0.0341959
                  62             9.39866          -0.0327652
                  63             9.55082          -0.0314153
                  64             9.70298          -0.0301421
                  65             9.85514          -0.0289407
                  66             10.0073          -0.0278008
                  67             10.1595          -0.0267146
                  68             10.3116          -0.0256803
                  69             10.4638          -0.0247099
                  70             10.6159          -0.0238064
                  71             10.7681          -0.0229658
                  72             10.9203          -0.0221773
                  73             11.0724          -0.0214377
                  74             11.2246          -0.0207433
                  75             11.3767          -0.0200896
                  76             11.5289          -0.0194755
                  77             11.6811          -0.0188984
                  78             11.8332          -0.0183552
                  79             11.9854          -0.0178437
                  80             12.1375          -0.0173615
                  81             12.2897          -0.0169056
                  82             12.4419          -0.0164662
                  83              12.594          -0.0160809
                  84             12.7462           -0.015761
                  85             12.8984          -0.0155134
                  86             13.0505           -0.015275
                  87             13.2027          -0.0150568
                  88             13.3548          -0.0148567
                  89              13.507           -0.014668
                  90             13.6592          -0.0144924
                  91             13.8113          -0.0143305
                  92             13.9635          -0.0141843
                  93             14.1157          -0.0140539
                  94             14.2678          -0.0139403
                  95               14.42           -0.013851
                  96             14.5721          -0.0138064
                  97             14.7243          -0.0137802
                  98             14.8765           -0.013807
                  99             15.0286          -0.0140464
