            IntervalRadial            Vertical          Radial_vel        Vertical_vel
                   0                   0           -0.477034
                   1            0.151747           -0.476299
                   2             0.30348           -0.474097
                   3            0.455187           -0.470497
                   4            0.606857           -0.465595
                   5            0.758484           -0.459515
                   6            0.910066           -0.452402
                   7              1.0616           -0.444414
                   8              1.2131           -0.435709
                   9             1.36457           -0.426442
                  10             1.51601           -0.416755
                  11             1.66743           -0.406774
                  12             1.81884           -0.396609
                  13             1.97024           -0.386349
                  14             2.12164           -0.376071
                  15             2.27304           -0.365837
                  16             2.42445           -0.355697
                  17             2.57587           -0.345696
                  18              2.7273           -0.335871
                  19             2.87875           -0.326253
                  20             3.03021            -0.31687
                  21             3.18168           -0.307744
                  22             3.33317           -0.298891
                  23             3.48468           -0.290322
                  24              3.6362           -0.282043
                  25             3.78774           -0.274056
                  26             3.93929           -0.266356
                  27             4.09086           -0.258938
                  28             4.24244           -0.251793
                  29             4.39403           -0.244914
                  30             4.54564           -0.238291
                  31             4.69725           -0.231916
                  32             4.84888            -0.22578
                  33             5.00051           -0.219877
                  34             5.15216           -0.214199
                  35             5.30381           -0.208739
                  36             5.45547           -0.203489
                  37             5.60713           -0.198441
                  38              5.7588           -0.193586
                  39             5.91048           -0.188917
                  40             6.06216           -0.184424
                  41             6.21385           -0.180098
                  42             6.36554           -0.175932
                  43             6.51724           -0.171919
                  44             6.66894           -0.168051
                  45             6.82064           -0.164322
                  46             6.97235           -0.160726
                  47             7.12406           -0.157258
                  48             7.27577           -0.153912
                  49             7.42748           -0.150683
                  50              7.5792           -0.147567
                  51             7.73092           -0.144557
                  52             7.88264           -0.141649
                  53             8.03436           -0.138839
                  54             8.18609           -0.136121
                  55             8.33781           -0.133493
                  56             8.48954            -0.13095
                  57             8.64127           -0.128489
                  58               8.793           -0.126106
                  59             8.94473           -0.123799
                  60             9.09647           -0.121563
                  61              9.2482           -0.119395
                  62             9.39993           -0.117294
                  63             9.55167           -0.115256
                  64              9.7034           -0.113279
                  65             9.85514            -0.11136
                  66             10.0069           -0.109495
                  67             10.1586           -0.107683
                  68             10.3104           -0.105922
                  69             10.4621           -0.104212
                  70             10.6138           -0.102553
                  71             10.7656           -0.100942
                  72             10.9173          -0.0993743
                  73             11.0691          -0.0978486
                  74             11.2208          -0.0963628
                  75             11.3725           -0.094915
                  76             11.5243          -0.0935038
                  77              11.676          -0.0921277
                  78             11.8278          -0.0907853
                  79             11.9795          -0.0894755
                  80             12.1313          -0.0881965
                  81              12.283          -0.0869473
                  82             12.4347          -0.0857277
                  83             12.5865           -0.084546
                  84             12.7382          -0.0834022
                  85               12.89          -0.0822921
                  86             13.0417          -0.0812007
                  87             13.1935          -0.0801292
                  88             13.3452          -0.0790761
                  89              13.497          -0.0780403
                  90             13.6487          -0.0770218
                  91             13.8005          -0.0760211
                  92             13.9522          -0.0750387
                  93             14.1039          -0.0740746
                  94             14.2557            -0.07313
                  95             14.4074          -0.0722074
                  96             14.5592          -0.0713103
                  97             14.7109          -0.0704346
                  98             14.8627          -0.0695924
                  99             15.0144          -0.0688222
