            IntervalRadial            Vertical          Radial_vel        Vertical_vel
                   0                   0          -0.0922077
                   1            0.151522          -0.0906752
                   2            0.302996          -0.0865469
                   3            0.454419          -0.0808526
                   4            0.605819          -0.0745872
                   5            0.757223          -0.0684106
                   6            0.908644          -0.0626574
                   7             1.06008          -0.0574524
                   8             1.21154           -0.052809
                   9             1.36302            -0.04869
                  10              1.5145          -0.0450387
                  11               1.666          -0.0417948
                  12              1.8175          -0.0389016
                  13             1.96901           -0.036309
                  14             2.12052          -0.0339745
                  15             2.27204           -0.031864
                  16             2.42355          -0.0299515
                  17             2.57507          -0.0282168
                  18              2.7266          -0.0266429
                  19             2.87812          -0.0252136
                  20             3.02964          -0.0239133
                  21             3.18117          -0.0227274
                  22             3.33269          -0.0216428
                  23             3.48422          -0.0206478
                  24             3.63575          -0.0197326
                  25             3.78728          -0.0188887
                  26              3.9388          -0.0181086
                  27             4.09033          -0.0173857
                  28             4.24186          -0.0167145
                  29             4.39339            -0.01609
                  30             4.54492          -0.0155077
                  31             4.69645          -0.0149637
                  32             4.84798          -0.0144547
                  33              4.9995          -0.0139776
                  34             5.15103          -0.0135295
                  35             5.30256           -0.013108
                  36             5.45409           -0.012711
                  37             5.60562          -0.0123364
                  38             5.75715          -0.0119825
                  39             5.90868          -0.0116477
                  40             6.06021          -0.0113305
                  41             6.21174          -0.0110296
                  42             6.36327          -0.0107438
                  43              6.5148          -0.0104721
                  44             6.66633          -0.0102134
                  45             6.81786         -0.00996695
                  46             6.96939         -0.00973183
                  47             7.12092         -0.00950733
                  48             7.27245         -0.00929277
                  49             7.42398         -0.00908751
                  50             7.57551         -0.00889098
                  51             7.72704         -0.00870265
                  52             7.87857         -0.00852203
                  53              8.0301         -0.00834866
                  54             8.18163         -0.00818214
                  55             8.33316         -0.00802207
                  56             8.48469         -0.00786809
                  57             8.63622         -0.00771988
                  58             8.78775         -0.00757712
                  59             8.93928         -0.00743953
                  60             9.09081         -0.00730684
                  61             9.24234          -0.0071788
                  62             9.39387         -0.00705517
                  63              9.5454         -0.00693575
                  64             9.69693         -0.00682032
                  65             9.84846         -0.00670869
                  66             9.99999          -0.0066007
                  67             10.1515         -0.00649616
                  68              10.303         -0.00639492
                  69             10.4546         -0.00629684
                  70             10.6061         -0.00620177
                  71             10.7576         -0.00610959
                  72             10.9092         -0.00602017
                  73             11.0607          -0.0059334
                  74             11.2122         -0.00584916
                  75             11.3638         -0.00576735
                  76             11.5153         -0.00568788
                  77             11.6668         -0.00561066
                  78             11.8183         -0.00553558
                  79             11.9699         -0.00546259
                  80             12.1214         -0.00539158
                  81             12.2729          -0.0053225
                  82             12.4245         -0.00525529
                  83              12.576         -0.00518988
                  84             12.7275         -0.00512621
                  85             12.8791         -0.00506421
                  86             13.0306          -0.0050038
                  87             13.1821         -0.00494493
                  88             13.3336         -0.00488755
                  89             13.4852         -0.00483162
                  90             13.6367          -0.0047771
                  91             13.7882         -0.00472396
                  92             13.9398         -0.00467216
                  93             14.0913          -0.0046217
                  94             14.2428         -0.00457254
                  95             14.3944          -0.0045247
                  96             14.5459         -0.00447819
                  97             14.6974         -0.00443304
                  98             14.8489         -0.00438939
                  99             15.0005         -0.00434763
