            IntervalRadial            Vertical          Radial_vel        Vertical_vel
                   0                   0           -0.121203
                   1            0.151753            -0.12067
                   2            0.303499            -0.11911
                   3            0.455234           -0.116748
                   4            0.606961           -0.113876
                   5            0.758683           -0.110808
                   6            0.910408           -0.107834
                   7             1.06214            -0.10517
                   8             1.21388           -0.102887
                   9             1.36562           -0.100951
                  10             1.51736           -0.099221
                  11              1.6691          -0.0975027
                  12             1.82085          -0.0956103
                  13             1.97258          -0.0934208
                  14             2.12432          -0.0908696
                  15             2.27604          -0.0880127
                  16             2.42777           -0.084967
                  17             2.57949          -0.0819089
                  18             2.73122          -0.0790169
                  19             2.88295          -0.0764407
                  20             3.03469          -0.0742534
                  21             3.18643          -0.0724639
                  22             3.33818          -0.0709954
                  23             3.48992          -0.0697188
                  24             3.64167            -0.06848
                  25             3.79342          -0.0671434
                  26             3.94517          -0.0656177
                  27             4.09691          -0.0638845
                  28             4.24865          -0.0619784
                  29             4.40039          -0.0599925
                  30             4.55213          -0.0580386
                  31             4.70388          -0.0562308
                  32             4.85562          -0.0546486
                  33             5.00737          -0.0533305
                  34             5.15912          -0.0522556
                  35             5.31087           -0.051364
                  36             5.46262          -0.0505637
                  37             5.61438          -0.0497598
                  38             5.76613          -0.0488663
                  39             5.91788           -0.047836
                  40             6.06963          -0.0466645
                  41             6.22138           -0.045394
                  42             6.37312          -0.0440883
                  43             6.52487          -0.0428243
                  44             6.67662          -0.0416689
                  45             6.82837          -0.0406675
                  46             6.98012          -0.0398305
                  47             7.13188          -0.0391383
                  48             7.28363          -0.0385433
                  49             7.43538          -0.0379854
                  50             7.58713          -0.0374037
                  51             7.73889          -0.0367561
                  52             7.89064          -0.0360172
                  53             8.04239           -0.035192
                  54             8.19414          -0.0343082
                  55             8.34589          -0.0334191
                  56             8.49764          -0.0325713
                  57             8.64939           -0.031804
                  58             8.80115          -0.0311366
                  59              8.9529          -0.0305723
                  60             9.10465          -0.0300904
                  61             9.25641          -0.0296566
                  62             9.40816          -0.0292347
                  63             9.55991          -0.0287893
                  64             9.71167          -0.0282951
                  65             9.86342           -0.027746
                  66             10.0152          -0.0271497
                  67             10.1669          -0.0265279
                  68             10.3187          -0.0259042
                  69             10.4704          -0.0253182
                  70             10.6222          -0.0247901
                  71             10.7739           -0.024331
                  72             10.9257           -0.023927
                  73             11.0774          -0.0235698
                  74             11.2292          -0.0232372
                  75             11.3809          -0.0229023
                  76             11.5327          -0.0225499
                  77             11.6845          -0.0221685
                  78             11.8362          -0.0217561
                  79              11.988          -0.0213194
                  80             12.1397          -0.0208742
                  81             12.2915          -0.0204389
                  82             12.4432          -0.0200252
                  83              12.595          -0.0196482
                  84             12.7467          -0.0193116
                  85             12.8985          -0.0190202
                  86             13.0502          -0.0187394
                  87              13.202          -0.0184699
                  88             13.3537          -0.0182008
                  89             13.5055          -0.0179185
                  90             13.6572          -0.0176234
                  91              13.809          -0.0173155
                  92             13.9608          -0.0169988
                  93             14.1125          -0.0166829
                  94             14.2643          -0.0163739
                  95              14.416          -0.0160783
                  96             14.5678          -0.0158074
                  97             14.7195          -0.0155509
                  98             14.8713          -0.0153097
                  99              15.023          -0.0150999
