            IntervalRadial            Vertical          Radial_vel        Vertical_vel
                   0                   0        -0.000439586
                   1            0.151515         -0.00043859
                   2             0.30303        -0.000435635
                   3            0.454546        -0.000430841
                   4            0.606061        -0.000424384
                   5            0.757576        -0.000416488
                   6            0.909091          -0.0004074
                   7             1.06061        -0.000397372
                   8             1.21212        -0.000386642
                   9             1.36364        -0.000375428
                  10             1.51515        -0.000363914
                  11             1.66667        -0.000352256
                  12             1.81818        -0.000340578
                  13              1.9697         -0.00032898
                  14             2.12121        -0.000317542
                  15             2.27273        -0.000306328
                  16             2.42424        -0.000295389
                  17             2.57576        -0.000284768
                  18             2.72727        -0.000274497
                  19             2.87879        -0.000264603
                  20              3.0303        -0.000255102
                  21             3.18182        -0.000246006
                  22             3.33334        -0.000237316
                  23             3.48485        -0.000229029
                  24             3.63637        -0.000221138
                  25             3.78788        -0.000213629
                  26              3.9394        -0.000206489
                  27             4.09091        -0.000199701
                  28             4.24243        -0.000193248
                  29             4.39394        -0.000187114
                  30             4.54546        -0.000181282
                  31             4.69697        -0.000175739
                  32             4.84849        -0.000170467
                  33                   5        -0.000165453
                  34             5.15152        -0.000160684
                  35             5.30303        -0.000156145
                  36             5.45455        -0.000151823
                  37             5.60606        -0.000147706
                  38             5.75758        -0.000143783
                  39             5.90909         -0.00014004
                  40             6.06061        -0.000136469
                  41             6.21213        -0.000133057
                  42             6.36364        -0.000129798
                  43             6.51516         -0.00012668
                  44             6.66667        -0.000123697
                  45             6.81819        -0.000120841
                  46              6.9697        -0.000118104
                  47             7.12122         -0.00011548
                  48             7.27273        -0.000112962
                  49             7.42425        -0.000110545
                  50             7.57576        -0.000108224
                  51             7.72728        -0.000105992
                  52             7.87879        -0.000103846
                  53             8.03031         -0.00010178
                  54             8.18182        -9.97911e-05
                  55             8.33334        -9.78745e-05
                  56             8.48485        -9.60267e-05
                  57             8.63637        -9.42442e-05
                  58             8.78788        -9.25238e-05
                  59              8.9394        -9.08625e-05
                  60             9.09091        -8.92572e-05
                  61             9.24243        -8.77054e-05
                  62             9.39395        -8.62045e-05
                  63             9.54546         -8.4752e-05
                  64             9.69698        -8.33458e-05
                  65             9.84849        -8.19837e-05
                  66                  10        -8.06635e-05
                  67             10.1515        -7.93835e-05
                  68              10.303        -7.81421e-05
                  69             10.4546        -7.69375e-05
                  70             10.6061        -7.57684e-05
                  71             10.7576        -7.46329e-05
                  72             10.9091        -7.35297e-05
                  73             11.0606        -7.24572e-05
                  74             11.2121        -7.14141e-05
                  75             11.3636        -7.03993e-05
                  76             11.5152        -6.94114e-05
                  77             11.6667        -6.84495e-05
                  78             11.8182        -6.75125e-05
                  79             11.9697        -6.65994e-05
                  80             12.1212        -6.57091e-05
                  81             12.2727        -6.48409e-05
                  82             12.4243        -6.39945e-05
                  83             12.5758        -6.31708e-05
                  84             12.7273        -6.23684e-05
                  85             12.8788        -6.15854e-05
                  86             13.0303        -6.08184e-05
                  87             13.1818        -6.00669e-05
                  88             13.3333        -5.93301e-05
                  89             13.4849        -5.86076e-05
                  90             13.6364        -5.78991e-05
                  91             13.7879        -5.72043e-05
                  92             13.9394        -5.65231e-05
                  93             14.0909        -5.58553e-05
                  94             14.2424        -5.52011e-05
                  95             14.3939        -5.45608e-05
                  96             14.5455        -5.39347e-05
                  97              14.697        -5.33225e-05
                  98             14.8485         -5.2727e-05
                  99                  15        -5.21559e-05
