            IntervalRadial            Vertical          Radial_vel        Vertical_vel
                   0                   0          -0.0803615
                   1            0.151744          -0.0800529
                   2            0.303486          -0.0791381
                   3            0.455224          -0.0777615
                   4             0.60696          -0.0761028
                   5            0.758694          -0.0743425
                   6            0.910429          -0.0726542
                   7             1.06217          -0.0711672
                   8             1.21391          -0.0699049
                   9             1.36565          -0.0688426
                  10             1.51739           -0.067883
                  11             1.66913          -0.0668947
                  12             1.82087          -0.0657643
                  13             1.97261          -0.0644202
                  14             2.12434          -0.0628201
                  15             2.27608          -0.0610169
                  16             2.42781          -0.0590906
                  17             2.57954          -0.0571647
                  18             2.73128          -0.0553617
                  19             2.88301          -0.0537796
                  20             3.03475          -0.0524582
                  21             3.18649          -0.0514007
                  22             3.33823          -0.0505437
                  23             3.48998          -0.0497941
                  24             3.64172           -0.049043
                  25             3.79346          -0.0481965
                  26              3.9452          -0.0471956
                  27             4.09694           -0.046038
                  28             4.24868          -0.0447524
                  29             4.40042          -0.0434146
                  30             4.55216          -0.0421087
                  31              4.7039          -0.0409201
                  32             4.85564          -0.0399044
                  33             5.00738           -0.039087
                  34             5.15913          -0.0384431
                  35             5.31087          -0.0379229
                  36             5.46261          -0.0374508
                  37             5.61436          -0.0369537
                  38              5.7661          -0.0363671
                  39             5.91784            -0.03566
                  40             6.06959          -0.0348341
                  41             6.22133          -0.0339311
                  42             6.37307          -0.0330045
                  43             6.52481          -0.0321194
                  44             6.67655          -0.0313284
                  45              6.8283          -0.0306671
                  46             6.98004          -0.0301387
                  47             7.13178          -0.0297231
                  48             7.28353          -0.0293753
                  49             7.43527          -0.0290423
                  50             7.58702          -0.0286708
                  51             7.73876           -0.028228
                  52              7.8905          -0.0276965
                  53             8.04225           -0.027087
                  54             8.19399          -0.0264281
                  55             8.34573          -0.0257693
                  56             8.49748          -0.0251518
                  57             8.64922          -0.0246101
                  58             8.80096          -0.0241583
                  59             8.95271          -0.0237961
                  60             9.10445          -0.0235011
                  61              9.2562          -0.0232399
                  62             9.40794          -0.0229766
                  63             9.55968          -0.0226788
                  64             9.71143          -0.0223246
                  65             9.86317          -0.0219116
                  66             10.0149          -0.0214512
                  67             10.1667          -0.0209683
                  68             10.3184          -0.0204901
                  69             10.4701          -0.0200506
                  70             10.6219          -0.0196675
                  71             10.7736          -0.0193486
                  72             10.9254          -0.0190808
                  73             11.0771          -0.0188519
                  74             11.2289          -0.0186383
                  75             11.3806          -0.0184145
                  76             11.5324          -0.0181645
                  77             11.6841          -0.0178783
                  78             11.8358          -0.0175558
                  79             11.9876          -0.0172079
                  80             12.1393          -0.0168516
                  81             12.2911           -0.016507
                  82             12.4428          -0.0161891
                  83             12.5946          -0.0159094
                  84             12.7463           -0.015668
                  85             12.8981          -0.0154621
                  86             13.0498          -0.0152672
                  87             13.2015          -0.0150781
                  88             13.3533          -0.0148827
                  89              13.505          -0.0146703
                  90             13.6568          -0.0144402
                  91             13.8085           -0.014194
                  92             13.9603          -0.0139373
                  93              14.112          -0.0136806
                  94             14.2638           -0.013432
                  95             14.4155          -0.0131989
                  96             14.5672          -0.0129878
                  97              14.719          -0.0127934
                  98             14.8707          -0.0126135
                  99             15.0225          -0.0124468
