            IntervalRadial            Vertical          Radial_vel        Vertical_vel
                   0                   0           -0.695181
                   1             0.15189           -0.693835
                   2            0.303733           -0.689823
                   3            0.455486           -0.683217
                   4             0.60711           -0.674141
                   5             0.75858           -0.662761
                   6            0.909876           -0.649281
                   7               1.061           -0.633942
                   8             1.21195           -0.617009
                   9             1.36274           -0.598765
                  10             1.51341           -0.579502
                  11             1.66399           -0.559513
                  12              1.8145           -0.539079
                  13             1.96499           -0.518463
                  14             2.11549           -0.497905
                  15             2.26603           -0.477612
                  16             2.41662           -0.457761
                  17             2.56729           -0.438492
                  18             2.71804           -0.419914
                  19             2.86889           -0.402104
                  20             3.01983           -0.385111
                  21             3.17087           -0.368961
                  22             3.32199           -0.353662
                  23              3.4732           -0.339204
                  24             3.62448           -0.325567
                  25             3.77583           -0.312722
                  26             3.92725           -0.300635
                  27             4.07872           -0.289266
                  28             4.23024           -0.278575
                  29              4.3818           -0.268523
                  30              4.5334           -0.259067
                  31             4.68504            -0.25017
                  32              4.8367           -0.241792
                  33             4.98839           -0.233899
                  34             5.14011           -0.226455
                  35             5.29184           -0.219431
                  36             5.44359           -0.212796
                  37             5.59536           -0.206522
                  38             5.74714           -0.200584
                  39             5.89893           -0.194959
                  40             6.05073           -0.189625
                  41             6.20254           -0.184562
                  42             6.35436           -0.179751
                  43             6.50619           -0.175175
                  44             6.65803            -0.17082
                  45             6.80986           -0.166669
                  46             6.96171            -0.16271
                  47             7.11356           -0.158931
                  48             7.26541            -0.15532
                  49             7.41727           -0.151866
                  50             7.56913           -0.148561
                  51             7.72099           -0.145394
                  52             7.87286           -0.142359
                  53             8.02473           -0.139447
                  54              8.1766            -0.13665
                  55             8.32847           -0.133963
                  56             8.48034            -0.13138
                  57             8.63222           -0.128893
                  58              8.7841             -0.1265
                  59             8.93597           -0.124193
                  60             9.08785           -0.121969
                  61             9.23973           -0.119824
                  62             9.39162           -0.117753
                  63              9.5435           -0.115753
                  64             9.69538            -0.11382
                  65             9.84727           -0.111951
                  66             9.99915           -0.110143
                  67              10.151           -0.108393
                  68             10.3029           -0.106698
                  69             10.4548           -0.105056
                  70             10.6067           -0.103464
                  71             10.7586            -0.10192
                  72             10.9105           -0.100422
                  73             11.0624          -0.0989675
                  74             11.2143          -0.0975555
                  75             11.3661          -0.0961837
                  76              11.518          -0.0948506
                  77             11.6699          -0.0935544
                  78             11.8218          -0.0922937
                  79             11.9737          -0.0910671
                  80             12.1256          -0.0898732
                  81             12.2775          -0.0887108
                  82             12.4294          -0.0875787
                  83             12.5813          -0.0864756
                  84             12.7332          -0.0854006
                  85             12.8851          -0.0843525
                  86              13.037          -0.0833304
                  87             13.1888          -0.0823334
                  88             13.3407          -0.0813606
                  89             13.4926          -0.0804111
                  90             13.6445          -0.0794841
                  91             13.7964           -0.078579
                  92             13.9483          -0.0776949
                  93             14.1002          -0.0768313
                  94             14.2521          -0.0759875
                  95              14.404          -0.0751628
                  96             14.5559           -0.074357
                  97             14.7078          -0.0735694
                  98             14.8597          -0.0727999
                  99             15.0116          -0.0720488
