            IntervalRadial            Vertical          Radial_vel        Vertical_vel
                   0                   0            -7.03224
                   1            0.181567            -7.01845
                   2            0.358851             -6.9769
                   3             0.52782            -6.90903
                   4            0.684832            -6.81682
                   5            0.827037            -6.70309
                   6            0.952204            -6.57084
                   7             1.05812            -6.42272
                   8             1.14264            -6.26143
                   9             1.20486            -6.09031
                  10             1.24593            -5.91291
                  11             1.26866            -5.73224
                  12             1.27659            -5.55032
                  13             1.27318            -5.36827
                  14              1.2624             -5.1865
                  15             1.25114            -5.00476
                  16             1.25025            -4.82267
                  17             1.27063            -4.64172
                  18             1.31658            -4.46552
                  19             1.38524            -4.29687
                  20             1.47142            -4.13647
                  21             1.57065            -3.98379
                  22              1.6798            -3.83805
                  23             1.79683            -3.69854
                  24             1.92025            -3.56466
                  25             2.04894            -3.43584
                  26             2.18203            -3.31157
                  27             2.31901            -3.19159
                  28              2.4597            -3.07599
                  29             2.60418            -2.96517
                  30             2.75263            -2.85972
                  31             2.90508            -2.76014
                  32             3.06132            -2.66663
                  33             3.22094              -2.579
                  34             3.38338            -2.49673
                  35             3.54811            -2.41913
                  36             3.71464            -2.34547
                  37             3.88257            -2.27509
                  38             4.05164            -2.20747
                  39             4.22166            -2.14228
                  40             4.39254            -2.07936
                  41             4.56423            -2.01873
                  42             4.73676            -1.96051
                  43             4.91015            -1.90488
                  44             5.08438            -1.85195
                  45              5.2594            -1.80173
                  46             5.43514            -1.75406
                  47             5.61149            -1.70869
                  48             5.78833            -1.66529
                  49             5.96558            -1.62357
                  50             6.14316            -1.58333
                  51             6.32105            -1.54441
                  52              6.4992            -1.50677
                  53             6.67762             -1.4704
                  54              6.8563            -1.43532
                  55             7.03524            -1.40157
                  56             7.21442            -1.36915
                  57             7.39383            -1.33804
                  58             7.57345            -1.30818
                  59             7.75326            -1.27945
                  60             7.93323            -1.25174
                  61             8.11334            -1.22494
                  62             8.29357            -1.19899
                  63             8.47391            -1.17385
                  64             8.65437             -1.1495
                  65             8.83492            -1.12591
                  66             9.01558            -1.10308
                  67             9.19632            -1.08099
                  68             9.37715            -1.05962
                  69             9.55806            -1.03896
                  70             9.73905            -1.01895
                  71             9.92011           -0.999558
                  72             10.1012           -0.980713
                  73             10.2824             -0.9624
                  74             10.4636            -0.94464
                  75             10.6449           -0.927425
                  76             10.8262            -0.91071
                  77             11.0076           -0.894462
                  78              11.189           -0.878656
                  79             11.3704           -0.863271
                  80             11.5519           -0.848294
                  81             11.7334           -0.833702
                  82             11.9149           -0.819481
                  83             12.0965           -0.805613
                  84             12.2781           -0.792068
                  85             12.4597           -0.778851
                  86             12.6413           -0.766082
                  87              12.823           -0.753753
                  88             13.0047           -0.741695
                  89             13.1864           -0.729863
                  90             13.3681           -0.718254
                  91             13.5498           -0.706852
                  92             13.7316           -0.695662
                  93             13.9133           -0.684686
                  94             14.0951           -0.673931
                  95             14.2769           -0.663389
                  96             14.4587           -0.653118
                  97             14.6405           -0.643107
                  98             14.8223           -0.633354
                  99             15.0042           -0.624305
