            IntervalRadial            Vertical          Radial_vel        Vertical_vel
                   0                   0           -0.807774
                   1            0.152532           -0.799912
                   2            0.303471           -0.776568
                   3            0.451356            -0.73839
                   4             0.59521           -0.687067
                   5            0.735278           -0.626171
                   6            0.873769           -0.561768
                   7              1.0145           -0.502425
                   8             1.16028           -0.456839
                   9             1.31031           -0.428277
                  10             1.46228           -0.412956
                  11             1.61478           -0.404577
                  12             1.76737           -0.397841
                  13             1.91985           -0.389089
                  14             2.07202           -0.376018
                  15             2.22364           -0.357578
                  16             2.37453           -0.333933
                  17             2.52476           -0.306396
                  18             2.67466           -0.277089
                  19             2.82471           -0.248614
                  20              2.9754           -0.223694
                  21             3.12695           -0.204733
                  22             3.27924           -0.193025
                  23             3.43189           -0.187919
                  24             3.58462            -0.18683
                  25             3.73735           -0.186456
                  26             3.89007           -0.184217
                  27             4.04271           -0.178901
                  28             4.19521           -0.170431
                  29             4.34754           -0.159413
                  30             4.49976           -0.146842
                  31             4.65195           -0.133938
                  32             4.80421           -0.121933
                  33             4.95661           -0.111862
                  34             5.10916           -0.104378
                  35             5.26182          -0.0996492
                  36             5.41454             -0.0973
                  37             5.56727           -0.096448
                  38                5.72          -0.0959007
                  39             5.87273          -0.0945418
                  40             6.02543          -0.0917093
                  41             6.17811          -0.0873492
                  42             6.33074          -0.0818731
                  43             6.48336          -0.0758979
                  44             6.63598          -0.0700339
                  45             6.78862          -0.0647809
                  46              6.9413          -0.0604774
                  47               7.094          -0.0572727
                  48             7.24672          -0.0551136
                  49             7.39944          -0.0537699
                  50             7.55217          -0.0528848
                  51             7.70491          -0.0520554
                  52             7.85764          -0.0509105
                  53             8.01036          -0.0492164
                  54             8.16308           -0.046938
                  55             8.31579          -0.0442441
                  56             8.46849          -0.0414066
                  57              8.6212          -0.0387009
                  58             8.77392          -0.0363293
                  59             8.92664          -0.0343979
                  60             9.07937          -0.0329168
                  61              9.2321          -0.0318208
                  62             9.38483          -0.0309974
                  63             9.53756          -0.0303065
                  64             9.69029           -0.029607
                  65             9.84302          -0.0287934
                  66             9.99576          -0.0277983
                  67             10.1485           -0.026616
                  68             10.3012            -0.02529
                  69             10.4539          -0.0239466
                  70             10.6067          -0.0226962
                  71             10.7594          -0.0216191
                  72             10.9121          -0.0207258
                  73             11.0649           -0.020016
                  74             11.2176          -0.0194537
                  75             11.3703          -0.0189776
                  76             11.5231          -0.0185389
                  77             11.6758          -0.0180926
                  78             11.8285          -0.0176069
                  79             11.9813          -0.0170628
                  80              12.134          -0.0164716
                  81             12.2867           -0.015858
                  82             12.4395          -0.0152287
                  83             12.5922          -0.0146528
                  84             12.7449          -0.0141678
                  85             12.8977          -0.0138245
                  86             13.0504          -0.0135186
                  87             13.2031          -0.0132637
                  88             13.3559           -0.013045
                  89             13.5086          -0.0128278
                  90             13.6613          -0.0126061
                  91             13.8141          -0.0123723
                  92             13.9668          -0.0121254
                  93             14.1195          -0.0118733
                  94             14.2723          -0.0116187
                  95              14.425          -0.0113724
                  96             14.5777          -0.0111798
                  97             14.7305          -0.0109984
                  98             14.8832          -0.0108524
                  99             15.0359           -0.010905
