            IntervalRadial            Vertical          Radial_vel        Vertical_vel
                   0                   0           -0.670735
                   1            0.152028           -0.669029
                   2            0.303979           -0.663934
                   3            0.455785           -0.655552
                   4            0.607386           -0.644042
                   5            0.758738           -0.629623
                   6            0.909816           -0.612565
                   7             1.06061           -0.593186
                   8             1.21114           -0.571838
                   9             1.36144             -0.5489
                  10             1.51155           -0.524766
                  11             1.66153           -0.499826
                  12             1.81143            -0.47446
                  13             1.96133           -0.449022
                  14             2.11126           -0.423828
                  15             2.26128           -0.399151
                  16             2.41143           -0.375214
                  17             2.56171           -0.352191
                  18             2.71215           -0.330207
                  19             2.86275           -0.309345
                  20              3.0135           -0.289648
                  21             3.16441           -0.271131
                  22             3.31545           -0.253782
                  23             3.46662           -0.237573
                  24             3.61791           -0.222463
                  25             3.76929           -0.208401
                  26             3.92077           -0.195332
                  27             4.07232           -0.183198
                  28             4.22394           -0.171938
                  29             4.37562           -0.161494
                  30             4.52735           -0.151808
                  31             4.67912           -0.142824
                  32             4.83093           -0.134488
                  33             4.98277           -0.126752
                  34             5.13464           -0.119567
                  35             5.28653           -0.112891
                  36             5.43844           -0.106682
                  37             5.59036           -0.100904
                  38             5.74231          -0.0955229
                  39             5.89426          -0.0905068
                  40             6.04623          -0.0858273
                  41              6.1982          -0.0814582
                  42             6.35018          -0.0773755
                  43             6.50217          -0.0735571
                  44             6.65417          -0.0699832
                  45             6.80617          -0.0666353
                  46             6.95817          -0.0634967
                  47             7.11018          -0.0605521
                  48             7.26219          -0.0577875
                  49             7.41421            -0.05519
                  50             7.56623          -0.0527479
                  51             7.71824          -0.0504504
                  52             7.87027          -0.0482876
                  53             8.02229          -0.0462504
                  54             8.17432          -0.0443305
                  55             8.32634          -0.0425202
                  56             8.47837          -0.0408124
                  57              8.6304          -0.0392006
                  58             8.78243          -0.0376789
                  59             8.93446          -0.0362416
                  60             9.08649          -0.0348838
                  61             9.23852          -0.0336005
                  62             9.39055          -0.0323876
                  63             9.54259          -0.0312409
                  64             9.69462          -0.0301568
                  65             9.84665          -0.0291317
                  66             9.99869          -0.0281624
                  67             10.1507           -0.027246
                  68             10.3028          -0.0263798
                  69             10.4548          -0.0255612
                  70             10.6068          -0.0247881
                  71             10.7589          -0.0240582
                  72             10.9109          -0.0233694
                  73             11.0629          -0.0227198
                  74              11.215          -0.0221078
                  75              11.367          -0.0215317
                  76              11.519          -0.0209902
                  77             11.6711          -0.0204818
                  78             11.8231          -0.0200054
                  79             11.9752            -0.01956
                  80             12.1272           -0.019144
                  81             12.2792          -0.0187568
                  82             12.4313          -0.0183983
                  83             12.5833          -0.0180706
                  84             12.7353          -0.0177738
                  85             12.8874          -0.0175063
                  86             13.0394           -0.017264
                  87             13.1914          -0.0170464
                  88             13.3435          -0.0168534
                  89             13.4955          -0.0166851
                  90             13.6476          -0.0165421
                  91             13.7996          -0.0164254
                  92             13.9516          -0.0163366
                  93             14.1037          -0.0162775
                  94             14.2557          -0.0162514
                  95             14.4077          -0.0162631
                  96             14.5598          -0.0163196
                  97             14.7118          -0.0164304
                  98             14.8639          -0.0166191
                  99             15.0159          -0.0169508
