            IntervalRadial            Vertical          Radial_vel        Vertical_vel
                   0                   0            -4.57572
                   1            0.164739            -4.56893
                   2            0.328367            -4.54866
                   3            0.489804            -4.51514
                   4            0.648034            -4.46879
                   5            0.802127            -4.41014
                   6             0.95126            -4.33982
                   7             1.09473            -4.25858
                   8               1.232            -4.16723
                   9             1.36266            -4.06667
                  10             1.48653            -3.95786
                  11             1.60364             -3.8418
                  12             1.71428            -3.71955
                  13             1.81901            -3.59221
                  14              1.9187            -3.46088
                  15             2.01447            -3.32666
                  16             2.10772            -3.19069
                  17             2.20003            -3.05408
                  18             2.29307            -2.91796
                  19             2.38844            -2.78346
                  20             2.48756             -2.6517
                  21             2.59151            -2.52372
                  22             2.70099            -2.40043
                  23             2.81629            -2.28257
                  24             2.93737            -2.17066
                  25             3.06395              -2.065
                  26             3.19557             -1.9657
                  27             3.33172            -1.87271
                  28             3.47186            -1.78584
                  29             3.61547            -1.70483
                  30             3.76207            -1.62938
                  31             3.91123            -1.55912
                  32             4.06257             -1.4937
                  33             4.21578            -1.43278
                  34             4.37058              -1.376
                  35             4.52672            -1.32304
                  36             4.68401             -1.2736
                  37             4.84228            -1.22738
                  38             5.00138            -1.18413
                  39              5.1612             -1.1436
                  40             5.32163            -1.10556
                  41             5.48259            -1.06983
                  42             5.64401            -1.03621
                  43             5.80582            -1.00454
                  44             5.96797           -0.974653
                  45             6.13041           -0.946424
                  46             6.29311           -0.919724
                  47             6.45604           -0.894437
                  48             6.61917           -0.870461
                  49             6.78247             -0.8477
                  50             6.94592           -0.826069
                  51             7.10951           -0.805488
                  52             7.27322           -0.785885
                  53             7.43704           -0.767196
                  54             7.60095           -0.749359
                  55             7.76494            -0.73232
                  56             7.92901           -0.716028
                  57             8.09315           -0.700436
                  58             8.25736           -0.685502
                  59             8.42161           -0.671185
                  60             8.58592            -0.65745
                  61             8.75027           -0.644263
                  62             8.91466           -0.631592
                  63             9.07909           -0.619409
                  64             9.24355           -0.607686
                  65             9.40804             -0.5964
                  66             9.57256           -0.585526
                  67             9.73711           -0.575044
                  68             9.90167           -0.564932
                  69             10.0663           -0.555173
                  70             10.2309           -0.545749
                  71             10.3955           -0.536644
                  72             10.5601           -0.527841
                  73             10.7248           -0.519328
                  74             10.8895            -0.51109
                  75             11.0542           -0.503116
                  76             11.2189           -0.495392
                  77             11.3836           -0.487909
                  78             11.5483           -0.480655
                  79              11.713           -0.473622
                  80             11.8778           -0.466798
                  81             12.0425           -0.460177
                  82             12.2073            -0.45375
                  83              12.372           -0.447509
                  84             12.5368           -0.441447
                  85             12.7016           -0.435558
                  86             12.8663           -0.429835
                  87             13.0311           -0.424271
                  88             13.1959           -0.418861
                  89             13.3607             -0.4136
                  90             13.5255           -0.408482
                  91             13.6903           -0.403503
                  92             13.8551            -0.39866
                  93             14.0199           -0.393949
                  94             14.1847           -0.389368
                  95             14.3496           -0.384914
                  96             14.5144           -0.380588
                  97             14.6792           -0.376392
                  98              14.844           -0.372331
                  99             15.0089           -0.368434
