            IntervalRadial            Vertical          Radial_vel        Vertical_vel
                   0                   0            -5.47093
                   1            0.170456            -5.46287
                   2            0.339399            -5.43882
                   3            0.505365            -5.39913
                   4             0.66698            -5.34435
                   5            0.822991            -5.27521
                   6            0.972281            -5.19255
                   7             1.11389            -5.09733
                   8             1.24704             -4.9906
                   9             1.37114            -4.87347
                  10             1.48585            -4.74714
                  11             1.59113            -4.61284
                  12             1.68726            -4.47184
                  13             1.77491            -4.32542
                  14             1.85516            -4.17483
                  15             1.92954            -4.02124
                  16             1.99997            -3.86581
                  17             2.06866             -3.7096
                  18             2.13799            -3.55367
                  19             2.21027            -3.39909
                  20             2.28748            -3.24691
                  21             2.37114            -3.09817
                  22             2.46212            -2.95381
                  23              2.5608            -2.81459
                  24              2.6671            -2.68109
                  25             2.78065            -2.55371
                  26             2.90095            -2.43268
                  27             3.02739            -2.31808
                  28             3.15938            -2.20992
                  29             3.29631            -2.10808
                  30             3.43762            -2.01242
                  31             3.58277             -1.9227
                  32             3.73129            -1.83866
                  33             3.88274            -1.76003
                  34             4.03673            -1.68649
                  35             4.19291            -1.61772
                  36             4.35098            -1.55342
                  37             4.51067            -1.49328
                  38             4.67177              -1.437
                  39             4.83407            -1.38429
                  40             4.99741            -1.33488
                  41             5.16164            -1.28853
                  42             5.32664              -1.245
                  43              5.4923            -1.20407
                  44             5.65854            -1.16554
                  45             5.82528            -1.12923
                  46             5.99246            -1.09498
                  47             6.16001            -1.06262
                  48             6.32789            -1.03202
                  49             6.49605            -1.00304
                  50             6.66448           -0.975578
                  51             6.83312           -0.949517
                  52             7.00196            -0.92476
                  53             7.17098           -0.901216
                  54             7.34014           -0.878804
                  55             7.50945           -0.857448
                  56             7.67887           -0.837079
                  57             7.84841           -0.817631
                  58             8.01804           -0.799048
                  59             8.18776           -0.781275
                  60             8.35755           -0.764262
                  61             8.52742           -0.747963
                  62             8.69735           -0.732337
                  63             8.86733           -0.717344
                  64             9.03737           -0.702947
                  65             9.20746           -0.689113
                  66             9.37758           -0.675812
                  67             9.54775           -0.663013
                  68             9.71795           -0.650691
                  69             9.88818            -0.63882
                  70             10.0584           -0.627376
                  71             10.2287           -0.616339
                  72              10.399           -0.605688
                  73             10.5694           -0.595404
                  74             10.7397           -0.585468
                  75             10.9101           -0.575866
                  76             11.0805            -0.56658
                  77             11.2509           -0.557597
                  78             11.4213           -0.548903
                  79             11.5918           -0.540485
                  80             11.7622           -0.532331
                  81             11.9327            -0.52443
                  82             12.1032           -0.516771
                  83             12.2737           -0.509345
                  84             12.4441           -0.502142
                  85             12.6147           -0.495153
                  86             12.7852            -0.48837
                  87             12.9557           -0.481786
                  88             13.1262           -0.475392
                  89             13.2967           -0.469184
                  90             13.4673           -0.463153
                  91             13.6378           -0.457295
                  92             13.8084           -0.451605
                  93             13.9789           -0.446079
                  94             14.1495           -0.440713
                  95             14.3201           -0.435506
                  96             14.4906           -0.430456
                  97             14.6612           -0.425567
                  98             14.8318           -0.420847
                  99             15.0024           -0.416331
