            IntervalRadial            Vertical          Radial_vel        Vertical_vel
                   0                   0          -0.0533186
                   1            0.151529          -0.0531963
                   2            0.303057           -0.052833
                   3            0.454584          -0.0522443
                   4            0.606111          -0.0514526
                   5            0.757636           -0.050486
                   6            0.909161          -0.0493756
                   7             1.06068          -0.0481528
                   8             1.21221          -0.0468472
                   9             1.36373           -0.045485
                  10             1.51525          -0.0440885
                  11             1.66677          -0.0426758
                  12              1.8183          -0.0412614
                  13             1.96982          -0.0398565
                  14             2.12134            -0.03847
                  15             2.27286          -0.0371092
                  16             2.42439          -0.0357802
                  17             2.57591          -0.0344879
                  18             2.72743          -0.0332367
                  19             2.87896          -0.0320298
                  20             3.03048          -0.0308698
                  21             3.18201          -0.0297581
                  22             3.33353          -0.0286953
                  23             3.48506          -0.0276812
                  24             3.63658          -0.0267146
                  25             3.78811          -0.0257943
                  26             3.93963          -0.0249182
                  27             4.09116          -0.0240845
                  28             4.24269          -0.0232912
                  29             4.39421          -0.0225362
                  30             4.54574          -0.0218177
                  31             4.69727          -0.0211341
                  32             4.84879          -0.0204834
                  33             5.00032          -0.0198642
                  34             5.15185          -0.0192749
                  35             5.30338          -0.0187138
                  36              5.4549          -0.0181795
                  37             5.60643          -0.0176704
                  38             5.75796           -0.017185
                  39             5.90949          -0.0167221
                  40             6.06102          -0.0162802
                  41             6.21254          -0.0158581
                  42             6.36407          -0.0154548
                  43              6.5156           -0.015069
                  44             6.66713             -0.0147
                  45             6.81866          -0.0143466
                  46             6.97018          -0.0140082
                  47             7.12171          -0.0136838
                  48             7.27324          -0.0133727
                  49             7.42477          -0.0130742
                  50              7.5763          -0.0127876
                  51             7.72783          -0.0125123
                  52             7.87935          -0.0122476
                  53             8.03088          -0.0119931
                  54             8.18241          -0.0117481
                  55             8.33394          -0.0115123
                  56             8.48547          -0.0112851
                  57               8.637          -0.0110661
                  58             8.78852          -0.0108549
                  59             8.94005          -0.0106512
                  60             9.09158          -0.0104545
                  61             9.24311          -0.0102646
                  62             9.39464          -0.0100811
                  63             9.54617         -0.00990371
                  64              9.6977         -0.00973216
                  65             9.84922         -0.00956617
                  66             10.0008         -0.00940548
                  67             10.1523         -0.00924987
                  68             10.3038         -0.00909913
                  69             10.4553          -0.0089531
                  70             10.6069         -0.00881158
                  71             10.7584         -0.00867436
                  72             10.9099         -0.00854122
                  73             11.0615         -0.00841198
                  74              11.213         -0.00828649
                  75             11.3645         -0.00816457
                  76              11.516         -0.00804608
                  77             11.6676         -0.00793089
                  78             11.8191         -0.00781888
                  79             11.9706          -0.0077099
                  80             12.1222         -0.00760383
                  81             12.2737         -0.00750057
                  82             12.4252         -0.00740011
                  83             12.5767         -0.00730269
                  84             12.7283         -0.00720819
                  85             12.8798          -0.0071163
                  86             13.0313         -0.00702642
                  87             13.1829          -0.0069385
                  88             13.3344         -0.00685244
                  89             13.4859         -0.00676818
                  90             13.6374         -0.00668571
                  91              13.789         -0.00660501
                  92             13.9405         -0.00652609
                  93              14.092         -0.00644896
                  94             14.2436         -0.00637367
                  95             14.3951         -0.00630034
                  96             14.5466         -0.00622913
                  97             14.6981            -0.00616
                  98             14.8497         -0.00609366
                  99             15.0012         -0.00603203
