            IntervalRadial            Vertical          Radial_vel        Vertical_vel
                   0                   0            -5.92686
                   1            0.181105            -5.91309
                   2            0.357909            -5.87151
                   3            0.526322             -5.8035
                   4            0.682587            -5.71092
                   5            0.823676            -5.59655
                   6            0.947055            -5.46326
                   7             1.05014            -5.31372
                   8             1.13055            -5.15086
                   9             1.18724             -4.9783
                  10             1.22096            -4.79983
                  11             1.23377            -4.61866
                  12             1.22909            -4.43709
                  13             1.21145            -4.25632
                  14              1.1862            -4.07646
                  15             1.16126            -3.89655
                  16             1.14928            -3.71532
                  17              1.1634            -3.53424
                  18             1.20759            -3.35807
                  19             1.27699            -3.19022
                  20             1.36499            -3.03133
                  21             1.46655            -2.88075
                  22             1.57843            -2.73767
                  23             1.69854            -2.60143
                  24              1.8254            -2.47145
                  25             1.95785            -2.34716
                  26             2.09495            -2.22804
                  27             2.23613            -2.11378
                  28             2.38115            -2.00442
                  29             2.53004             -1.9004
                  30             2.68295            -1.80238
                  31             2.83989            -1.71096
                  32             3.00062            -1.62637
                  33             3.16465            -1.54837
                  34             3.33137            -1.47633
                  35              3.5002            -1.40936
                  36             3.67062            -1.34653
                  37             3.84223            -1.28704
                  38             4.01475            -1.23025
                  39             4.18802            -1.17579
                  40             4.36196            -1.12351
                  41             4.53656            -1.07347
                  42             4.71184            -1.02588
                  43             4.88783           -0.980975
                  44             5.06453           -0.938944
                  45             5.24189           -0.899799
                  46             5.41982           -0.863351
                  47             5.59822           -0.829246
                  48             5.77697           -0.797062
                  49               5.956           -0.766419
                  50             6.13523           -0.737058
                  51             6.31466           -0.708843
                  52             6.49425           -0.681743
                  53             6.67402           -0.655796
                  54             6.85395           -0.631068
                  55             7.03406           -0.607623
                  56             7.21434           -0.585491
                  57             7.39476            -0.56465
                  58             7.57533           -0.545014
                  59               7.756           -0.526435
                  60             7.93677           -0.508748
                  61             8.11761            -0.49183
                  62             8.29851           -0.475615
                  63             8.47947           -0.460078
                  64             8.66049            -0.44521
                  65             8.84156           -0.431014
                  66             9.02268           -0.417491
                  67             9.20386           -0.404639
                  68             9.38507            -0.39244
                  69             9.56633           -0.380866
                  70             9.74763           -0.369878
                  71             9.92895           -0.359405
                  72             10.1103           -0.349359
                  73             10.2917            -0.33973
                  74             10.4731           -0.330569
                  75             10.6545           -0.321891
                  76             10.8359           -0.313647
                  77             11.0174           -0.305806
                  78             11.1989           -0.298341
                  79             11.3804           -0.291229
                  80             11.5619           -0.284462
                  81             11.7434           -0.278006
                  82             11.9249           -0.271848
                  83             12.1064           -0.265968
                  84              12.288            -0.26032
                  85             12.4695           -0.254914
                  86             12.6511           -0.249971
                  87             12.8326           -0.245517
                  88             13.0142           -0.241294
                  89             13.1958           -0.237243
                  90             13.3774           -0.233362
                  91              13.559           -0.229628
                  92             13.7406           -0.226048
                  93             13.9222           -0.222629
                  94             14.1038           -0.219382
                  95             14.2854           -0.216301
                  96              14.467           -0.213486
                  97             14.6486           -0.210944
                  98             14.8302           -0.208678
                  99             15.0118           -0.207546
