            IntervalRadial            Vertical          Radial_vel        Vertical_vel
                   0                   0           -0.101462
                   1            0.151568           -0.101137
                   2            0.303133           -0.100168
                   3            0.454693          -0.0985852
                   4            0.606246          -0.0964351
                   5            0.757792           -0.093777
                   6            0.909328          -0.0906817
                   7             1.06086          -0.0872263
                   8             1.21238          -0.0834905
                   9              1.3639          -0.0795531
                  10             1.51541          -0.0754883
                  11             1.66692          -0.0713636
                  12             1.81844          -0.0672384
                  13             1.96995           -0.063163
                  14             2.12146          -0.0591786
                  15             2.27298          -0.0553175
                  16             2.42451          -0.0516044
                  17             2.57603          -0.0480567
                  18             2.72756          -0.0446862
                  19              2.8791          -0.0414994
                  20             3.03064          -0.0384992
                  21             3.18218          -0.0356847
                  22             3.33373           -0.033053
                  23             3.48527          -0.0305987
                  24             3.63683          -0.0283153
                  25             3.78838           -0.026195
                  26             3.93993          -0.0242293
                  27             4.09149          -0.0224095
                  28             4.24305          -0.0207264
                  29             4.39461          -0.0191711
                  30             4.54617          -0.0177347
                  31             4.69774          -0.0164087
                  32              4.8493           -0.015185
                  33             5.00086          -0.0140558
                  34             5.15243          -0.0130139
                  35             5.30399          -0.0120526
                  36             5.45556          -0.0111655
                  37             5.60712          -0.0103466
                  38             5.75869         -0.00959073
                  39             5.91026         -0.00889267
                  40             6.06183         -0.00824785
                  41             6.21339         -0.00765198
                  42             6.36496         -0.00710116
                  43             6.51653         -0.00659176
                  44             6.66809         -0.00612049
                  45             6.81966         -0.00568432
                  46             6.97123         -0.00528047
                  47              7.1228         -0.00490638
                  48             7.27437         -0.00455973
                  49             7.42593         -0.00423839
                  50              7.5775          -0.0039404
                  51             7.72907         -0.00366395
                  52             7.88064         -0.00340741
                  53             8.03221         -0.00316927
                  54             8.18377         -0.00294815
                  55             8.33534         -0.00274277
                  56             8.48691         -0.00255199
                  57             8.63848         -0.00237471
                  58             8.79005         -0.00220998
                  59             8.94162         -0.00205688
                  60             9.09318         -0.00191459
                  61             9.24475         -0.00178235
                  62             9.39632         -0.00165945
                  63             9.54789         -0.00154527
                  64             9.69946         -0.00143921
                  65             9.85103         -0.00134071
                  66             10.0026         -0.00124928
                  67             10.1542         -0.00116444
                  68             10.3057         -0.00108581
                  69             10.4573         -0.00101302
                  70             10.6089        -0.000945746
                  71             10.7604         -0.00088364
                  72              10.912        -0.000826391
                  73             11.0636        -0.000773721
                  74             11.2151        -0.000725378
                  75             11.3667        -0.000681138
                  76             11.5183        -0.000640802
                  77             11.6698        -0.000604191
                  78             11.8214        -0.000571142
                  79              11.973        -0.000541509
                  80             12.1246        -0.000515053
                  81             12.2761        -0.000491677
                  82             12.4277        -0.000471485
                  83             12.5793        -0.000455241
                  84             12.7308        -0.000443023
                  85             12.8824        -0.000434516
                  86              13.034        -0.000428668
                  87             13.1855        -0.000425496
                  88             13.3371        -0.000424962
                  89             13.4887         -0.00042711
                  90             13.6402        -0.000432098
                  91             13.7918        -0.000440151
                  92             13.9434        -0.000451573
                  93             14.0949        -0.000466755
                  94             14.2465        -0.000486352
                  95             14.3981         -0.00051132
                  96             14.5496        -0.000543051
                  97             14.7012         -0.00058321
                  98             14.8528        -0.000636454
                  99             15.0044        -0.000715885
