           iteration                time              height            velocity
                   0                   0                   3           -0.997705
                   1                0.01             2.99002           -0.994317
                   2                0.02             2.98008           -0.990984
                   3                0.03             2.97017           -0.987703
                   4                0.04             2.96029           -0.984474
                   5                0.05             2.95045           -0.981295
                   6                0.06             2.94064           -0.978167
                   7                0.07             2.93085           -0.975087
                   8                0.08              2.9211           -0.972054
                   9                0.09             2.91138           -0.969068
                  10                 0.1             2.90169           -0.966128
                  11                0.11             2.89203           -0.963233
                  12                0.12              2.8824           -0.960381
                  13                0.13             2.87279           -0.957572
                  14                0.14             2.86322           -0.954805
                  15                0.15             2.85367            -0.95208
                  16                0.16             2.84415           -0.949394
                  17                0.17             2.83466           -0.946748
                  18                0.18             2.82519           -0.944141
                  19                0.19             2.81575           -0.941572
                  20                 0.2             2.80633           -0.939039
                  21                0.21             2.79694           -0.936543
                  22                0.22             2.78758           -0.934082
                  23                0.23             2.77823           -0.931657
                  24                0.24             2.76892           -0.929265
                  25                0.25             2.75963           -0.926906
                  26                0.26             2.75036           -0.924581
                  27                0.27             2.74111           -0.922287
                  28                0.28             2.73189           -0.920025
                  29                0.29             2.72269           -0.917793
                  30                 0.3             2.71351           -0.915591
                  31                0.31             2.70435           -0.913419
                  32                0.32             2.69522           -0.911276
                  33                0.33             2.68611            -0.90916
                  34                0.34             2.67701           -0.907073
                  35                0.35             2.66794           -0.905012
                  36                0.36             2.65889           -0.902978
                  37                0.37             2.64986            -0.90097
                  38                0.38             2.64085           -0.898988
                  39                0.39             2.63186            -0.89703
                  40                 0.4             2.62289           -0.895097
                  41                0.41             2.61394           -0.893187
                  42                0.42             2.60501           -0.891301
                  43                0.43              2.5961           -0.889437
                  44                0.44              2.5872           -0.887597
                  45                0.45             2.57833           -0.885778
                  46                0.46             2.56947            -0.88398
                  47                0.47             2.56063           -0.882204
                  48                0.48             2.55181           -0.880448
                  49                0.49               2.543           -0.878712
                  50                 0.5             2.53422           -0.876996
                  51                0.51             2.52545           -0.875299
                  52                0.52             2.51669           -0.873622
                  53                0.53             2.50796           -0.871962
                  54                0.54             2.49924           -0.870321
                  55                0.55             2.49053           -0.868698
                  56                0.56             2.48185           -0.867092
                  57                0.57             2.47318           -0.865503
                  58                0.58             2.46452           -0.863931
                  59                0.59             2.45588           -0.862375
                  60                 0.6             2.44726           -0.860835
                  61                0.61             2.43865           -0.859311
                  62                0.62             2.43006           -0.857802
                  63                0.63             2.42148           -0.856308
                  64                0.64             2.41292           -0.854828
                  65                0.65             2.40437           -0.853364
                  66                0.66             2.39583           -0.851913
                  67                0.67             2.38732           -0.850476
                  68                0.68             2.37881           -0.849052
                  69                0.69             2.37032           -0.847642
                  70                 0.7             2.36184           -0.846244
                  71                0.71             2.35338           -0.844859
                  72                0.72             2.34493           -0.843487
                  73                0.73              2.3365           -0.842126
                  74                0.74             2.32808           -0.840778
                  75                0.75             2.31967           -0.839441
                  76                0.76             2.31127           -0.838116
                  77                0.77             2.30289           -0.836801
                  78                0.78             2.29452           -0.835498
                  79                0.79             2.28617           -0.834205
                  80                 0.8             2.27783           -0.832923
                  81                0.81              2.2695           -0.831651
                  82                0.82             2.26118           -0.830388
                  83                0.83             2.25288           -0.829136
                  84                0.84             2.24459           -0.827893
                  85                0.85             2.23631            -0.82666
                  86                0.86             2.22804           -0.825436
                  87                0.87             2.21979            -0.82422
                  88                0.88             2.21154           -0.823014
                  89                0.89             2.20331           -0.821816
                  90                 0.9              2.1951           -0.820627
                  91                0.91             2.18689           -0.819445
                  92                0.92              2.1787           -0.818272
                  93                0.93             2.17051           -0.817107
                  94                0.94             2.16234           -0.815949
                  95                0.95             2.15418           -0.814799
                  96                0.96             2.14603           -0.813657
                  97                0.97              2.1379           -0.812521
                  98                0.98             2.12977           -0.811393
                  99                0.99             2.12166           -0.810272
                 100                   1             2.11356           -0.809157
                 101                1.01             2.10546           -0.808049
                 102                1.02             2.09738           -0.806948
                 103                1.03             2.08931           -0.805852
                 104                1.04             2.08126           -0.804763
                 105                1.05             2.07321           -0.803681
                 106                1.06             2.06517           -0.802604
                 107                1.07             2.05715           -0.801532
                 108                1.08             2.04913           -0.800467
                 109                1.09             2.04113           -0.799407
                 110                 1.1             2.03313           -0.798353
                 111                1.11             2.02515           -0.797303
                 112                1.12             2.01717            -0.79626
                 113                1.13             2.00921           -0.795221
                 114                1.14             2.00126           -0.794187
                 115                1.15             1.99332           -0.793158
                 116                1.16             1.98539           -0.792133
                 117                1.17             1.97747           -0.791114
                 118                1.18             1.96955           -0.790099
                 119                1.19             1.96165           -0.789088
                 120                 1.2             1.95376           -0.788082
                 121                1.21             1.94588            -0.78708
                 122                1.22             1.93801           -0.786082
                 123                1.23             1.93015           -0.785088
                 124                1.24              1.9223           -0.784099
                 125                1.25             1.91446           -0.783113
                 126                1.26             1.90663           -0.782131
                 127                1.27             1.89881           -0.781152
                 128                1.28             1.89099           -0.780177
                 129                1.29             1.88319           -0.779206
                 130                 1.3              1.8754           -0.778239
                 131                1.31             1.86762           -0.777274
                 132                1.32             1.85985           -0.776313
                 133                1.33             1.85208           -0.775355
                 134                1.34             1.84433           -0.774401
                 135                1.35             1.83658           -0.773449
                 136                1.36             1.82885           -0.772501
                 137                1.37             1.82112           -0.771555
                 138                1.38             1.81341           -0.770613
                 139                1.39              1.8057           -0.769673
                 140                 1.4             1.79801           -0.768736
                 141                1.41             1.79032           -0.767801
                 142                1.42             1.78264            -0.76687
                 143                1.43             1.77497            -0.76594
                 144                1.44             1.76731           -0.765014
                 145                1.45             1.75966            -0.76409
                 146                1.46             1.75202           -0.763168
                 147                1.47             1.74439           -0.762248
                 148                1.48             1.73677           -0.761331
                 149                1.49             1.72915           -0.760416
                 150                 1.5             1.72155           -0.759503
                 151                1.51             1.71396           -0.758593
                 152                1.52             1.70637           -0.757684
                 153                1.53             1.69879           -0.756778
                 154                1.54             1.69122           -0.755873
                 155                1.55             1.68367            -0.75497
                 156                1.56             1.67612            -0.75407
                 157                1.57             1.66858           -0.753171
                 158                1.58             1.66104           -0.752274
                 159                1.59             1.65352           -0.751378
                 160                 1.6             1.64601           -0.750485
                 161                1.61              1.6385           -0.749593
                 162                1.62             1.63101           -0.748703
                 163                1.63             1.62352           -0.747814
                 164                1.64             1.61604           -0.746927
                 165                1.65             1.60857           -0.746041
                 166                1.66             1.60111           -0.745157
                 167                1.67             1.59366           -0.744274
                 168                1.68             1.58622           -0.743393
                 169                1.69             1.57878           -0.742513
                 170                 1.7             1.57136           -0.741634
                 171                1.71             1.56394           -0.740757
                 172                1.72             1.55653           -0.739881
                 173                1.73             1.54914           -0.739006
                 174                1.74             1.54175           -0.738133
                 175                1.75             1.53436            -0.73726
                 176                1.76             1.52699           -0.736389
                 177                1.77             1.51963           -0.735519
                 178                1.78             1.51227            -0.73465
                 179                1.79             1.50493           -0.733782
                 180                 1.8             1.49759           -0.732915
                 181                1.81             1.49026           -0.732049
                 182                1.82             1.48294           -0.731184
                 183                1.83             1.47563            -0.73032
                 184                1.84             1.46832           -0.729457
                 185                1.85             1.46103           -0.728595
                 186                1.86             1.45374           -0.727734
                 187                1.87             1.44647           -0.726874
                 188                1.88              1.4392           -0.726014
                 189                1.89             1.43194           -0.725156
                 190                 1.9             1.42469           -0.724298
                 191                1.91             1.41744           -0.723441
                 192                1.92             1.41021           -0.722584
                 193                1.93             1.40298           -0.721729
                 194                1.94             1.39576           -0.720874
                 195                1.95             1.38856            -0.72002
                 196                1.96             1.38136           -0.719167
                 197                1.97             1.37416           -0.718314
                 198                1.98             1.36698           -0.717462
                 199                1.99             1.35981            -0.71661
                 200                   2             1.35264           -0.715759
                 201                2.01             1.34548           -0.714909
                 202                2.02             1.33833            -0.71406
                 203                2.03             1.33119           -0.713211
                 204                2.04             1.32406           -0.712362
                 205                2.05             1.31694           -0.711514
                 206                2.06             1.30982           -0.710667
                 207                2.07             1.30272            -0.70982
                 208                2.08             1.29562           -0.708973
                 209                2.09             1.28853           -0.708128
                 210                 2.1             1.28145           -0.707282
                 211                2.11             1.27437           -0.706437
                 212                2.12             1.26731           -0.705593
                 213                2.13             1.26025           -0.704749
                 214                2.14             1.25321           -0.703905
                 215                2.15             1.24617           -0.703062
                 216                2.16             1.23914           -0.702219
                 217                2.17             1.23211           -0.701377
                 218                2.18              1.2251           -0.700535
                 219                2.19             1.21809           -0.699693
                 220                 2.2              1.2111           -0.698852
                 221                2.21             1.20411           -0.698011
                 222                2.22             1.19713           -0.697171
                 223                2.23             1.19016           -0.696331
                 224                2.24             1.18319           -0.695491
                 225                2.25             1.17624           -0.694651
                 226                2.26             1.16929           -0.693812
                 227                2.27             1.16235           -0.692974
                 228                2.28             1.15542           -0.692135
                 229                2.29              1.1485           -0.691297
                 230                 2.3             1.14159           -0.690459
                 231                2.31             1.13469           -0.689621
                 232                2.32             1.12779           -0.688784
                 233                2.33              1.1209           -0.687947
                 234                2.34             1.11402            -0.68711
                 235                2.35             1.10715           -0.686274
                 236                2.36             1.10029           -0.685438
                 237                2.37             1.09343           -0.684602
                 238                2.38             1.08659           -0.683766
                 239                2.39             1.07975           -0.682931
                 240                 2.4             1.07292           -0.682096
                 241                2.41              1.0661           -0.681261
                 242                2.42             1.05929           -0.680426
                 243                2.43             1.05248           -0.679592
                 244                2.44             1.04569           -0.678758
                 245                2.45              1.0389           -0.677924
                 246                2.46             1.03212            -0.67709
                 247                2.47             1.02535           -0.676257
                 248                2.48             1.01859           -0.675423
                 249                2.49             1.01183            -0.67459
                 250                 2.5             1.00509           -0.673758
                 251                2.51             0.99835           -0.672925
                 252                2.52             0.99162           -0.672093
                 253                2.53            0.984899           -0.671261
                 254                2.54            0.978187           -0.670429
                 255                2.55            0.971483           -0.669597
                 256                2.56            0.964787           -0.668766
                 257                2.57            0.958099           -0.667935
                 258                2.58             0.95142           -0.667103
                 259                2.59            0.944749           -0.666273
                 260                 2.6            0.938086           -0.665442
                 261                2.61            0.931431           -0.664612
                 262                2.62            0.924785           -0.663782
                 263                2.63            0.918147           -0.662952
                 264                2.64            0.911518           -0.662122
                 265                2.65            0.904897           -0.661293
                 266                2.66            0.898284           -0.660463
                 267                2.67            0.891679           -0.659634
                 268                2.68            0.885083           -0.658805
                 269                2.69            0.878495           -0.657977
                 270                 2.7            0.871915           -0.657148
                 271                2.71            0.865343            -0.65632
                 272                2.72             0.85878           -0.655492
                 273                2.73            0.852225           -0.654665
                 274                2.74            0.845679           -0.653837
                 275                2.75             0.83914            -0.65301
                 276                2.76             0.83261           -0.652183
                 277                2.77            0.826088           -0.651356
                 278                2.78            0.819575            -0.65053
                 279                2.79             0.81307           -0.649704
                 280                 2.8            0.806572           -0.648877
                 281                2.81            0.800084           -0.648052
                 282                2.82            0.793603           -0.647226
                 283                2.83            0.787131           -0.646401
                 284                2.84            0.780667           -0.645576
                 285                2.85            0.774211           -0.644751
                 286                2.86            0.767764           -0.643927
                 287                2.87            0.761324           -0.643102
                 288                2.88            0.754893           -0.642278
                 289                2.89            0.748471           -0.641455
                 290                 2.9            0.742056           -0.640631
                 291                2.91             0.73565           -0.639808
                 292                2.92            0.729252           -0.638985
                 293                2.93            0.722862           -0.638163
                 294                2.94             0.71648            -0.63734
                 295                2.95            0.710107           -0.636518
                 296                2.96            0.703742           -0.635697
                 297                2.97            0.697385           -0.634875
                 298                2.98            0.691036           -0.634054
                 299                2.99            0.684695           -0.633233
                 300                   3            0.678363           -0.632413
                 301                3.01            0.672039           -0.631593
                 302                3.02            0.665723           -0.630773
                 303                3.03            0.659415           -0.629954
                 304                3.04            0.653116           -0.629134
                 305                3.05            0.646824           -0.628316
                 306                3.06            0.640541           -0.627497
                 307                3.07            0.634266           -0.626679
                 308                3.08            0.627999           -0.625861
                 309                3.09            0.621741           -0.625044
                 310                 3.1             0.61549           -0.624227
                 311                3.11            0.609248            -0.62341
                 312                3.12            0.603014           -0.622594
                 313                3.13            0.596788           -0.621778
                 314                3.14             0.59057           -0.620962
                 315                3.15            0.584361           -0.620147
                 316                3.16            0.578159           -0.619333
                 317                3.17            0.571966           -0.618518
                 318                3.18            0.565781           -0.617704
                 319                3.19            0.559604           -0.616891
                 320                 3.2            0.553435           -0.616078
                 321                3.21            0.547274           -0.615265
                 322                3.22            0.541121           -0.614453
                 323                3.23            0.534977           -0.613641
                 324                3.24             0.52884            -0.61283
                 325                3.25            0.522712           -0.612019
                 326                3.26            0.516592           -0.611209
                 327                3.27             0.51048           -0.610399
                 328                3.28            0.504376           -0.609589
                 329                3.29             0.49828            -0.60878
                 330                 3.3            0.492192           -0.607972
                 331                3.31            0.486112           -0.607163
                 332                3.32            0.480041           -0.606356
                 333                3.33            0.473977           -0.605549
                 334                3.34            0.467922           -0.604742
                 335                3.35            0.461874           -0.603936
                 336                3.36            0.455835           -0.603131
                 337                3.37            0.449804           -0.602326
                 338                3.38             0.44378           -0.601521
                 339                3.39            0.437765           -0.600717
                 340                 3.4            0.431758           -0.599914
                 341                3.41            0.425759           -0.599111
                 342                3.42            0.419768           -0.598309
                 343                3.43            0.413785           -0.597507
                 344                3.44             0.40781           -0.596706
                 345                3.45            0.401842           -0.595906
                 346                3.46            0.395883           -0.595106
                 347                3.47            0.389932           -0.594306
                 348                3.48            0.383989           -0.593508
                 349                3.49            0.378054            -0.59271
                 350                 3.5            0.372127           -0.591912
                 351                3.51            0.366208           -0.591115
                 352                3.52            0.360297           -0.590319
                 353                3.53            0.354394           -0.589523
                 354                3.54            0.348498           -0.588728
                 355                3.55            0.342611           -0.587934
                 356                3.56            0.336732            -0.58714
                 357                3.57             0.33086           -0.586347
                 358                3.58            0.324997           -0.585555
                 359                3.59            0.319141           -0.584763
                 360                 3.6            0.313294           -0.583972
                 361                3.61            0.307454           -0.583182
                 362                3.62            0.301622           -0.582392
                 363                3.63            0.295798           -0.581603
                 364                3.64            0.289982           -0.580815
                 365                3.65            0.284174           -0.580028
                 366                3.66            0.278374           -0.579241
                 367                3.67            0.272581           -0.578455
                 368                3.68            0.266797            -0.57767
                 369                3.69             0.26102           -0.576886
                 370                 3.7            0.255251           -0.576102
                 371                3.71             0.24949           -0.575319
                 372                3.72            0.243737           -0.574537
                 373                3.73            0.237992           -0.573755
                 374                3.74            0.232254           -0.572975
                 375                3.75            0.226524           -0.572195
                 376                3.76            0.220802           -0.571416
                 377                3.77            0.215088           -0.570638
                 378                3.78            0.209382            -0.56986
                 379                3.79            0.203683           -0.569084
                 380                 3.8            0.197992           -0.568308
                 381                3.81            0.192309           -0.567533
                 382                3.82            0.186634           -0.566759
                 383                3.83            0.180966           -0.565986
                 384                3.84            0.175307           -0.565214
                 385                3.85            0.169654           -0.564442
                 386                3.86             0.16401           -0.563672
                 387                3.87            0.158373           -0.562902
                 388                3.88            0.152744           -0.562133
                 389                3.89            0.147123           -0.561365
                 390                 3.9            0.141509           -0.560598
                 391                3.91            0.135903           -0.559832
                 392                3.92            0.130305           -0.559067
                 393                3.93            0.124714           -0.558303
                 394                3.94            0.119131           -0.557539
                 395                3.95            0.113556           -0.556777
                 396                3.96            0.107988           -0.556016
                 397                3.97            0.102428           -0.555255
                 398                3.98           0.0968755           -0.554496
                 399                3.99           0.0913305           -0.553737
                 400                   4           0.0857931            -0.55298
                 401                4.01           0.0802633           -0.552223
                 402                4.02           0.0747411           -0.551468
                 403                4.03           0.0692264           -0.550713
                 404                4.04           0.0637193           -0.549959
                 405                4.05           0.0582197           -0.549207
                 406                4.06           0.0527276           -0.548455
                 407                4.07           0.0472431           -0.547705
                 408                4.08            0.041766           -0.546955
                 409                4.09           0.0362965           -0.546207
                 410                 4.1           0.0308344            -0.54546
                 411                4.11           0.0253798           -0.544713
                 412                4.12           0.0199327           -0.543968
                 413                4.13            0.014493           -0.543224
                 414                4.14          0.00906078           -0.542481
                 415                4.15          0.00363597           -0.541739
                 416                4.16         -0.00178141           -0.540998
                 417                4.17         -0.00719139           -0.540258
                 418                4.18           -0.012594           -0.539519
                 419                4.19          -0.0179892           -0.538781
                 420                 4.2           -0.023377           -0.538045
                 421                4.21          -0.0287574            -0.53731
                 422                4.22          -0.0341305           -0.536575
                 423                4.23          -0.0394963           -0.535842
                 424                4.24          -0.0448547            -0.53511
                 425                4.25          -0.0502058           -0.534379
                 426                4.26          -0.0555496            -0.53365
                 427                4.27          -0.0608861           -0.532921
                 428                4.28          -0.0662153           -0.532194
                 429                4.29          -0.0715372           -0.531468
                 430                 4.3          -0.0768519           -0.530743
                 431                4.31          -0.0821593           -0.530019
                 432                4.32          -0.0874595           -0.529296
                 433                4.33          -0.0927525           -0.528575
                 434                4.34          -0.0980382           -0.527855
                 435                4.35           -0.103317           -0.527136
                 436                4.36           -0.108588           -0.526418
                 437                4.37           -0.113852           -0.525702
                 438                4.38           -0.119109           -0.524986
                 439                4.39           -0.124359           -0.524272
                 440                 4.4           -0.129602            -0.52356
                 441                4.41           -0.134838           -0.522848
                 442                4.42           -0.140066           -0.522138
                 443                4.43           -0.145287           -0.521429
                 444                4.44           -0.150502           -0.520721
                 445                4.45           -0.155709           -0.520015
                 446                4.46           -0.160909            -0.51931
                 447                4.47           -0.166102           -0.518606
                 448                4.48           -0.171288           -0.517903
                 449                4.49           -0.176467           -0.517202
                 450                 4.5           -0.181639           -0.516502
                 451                4.51           -0.186804           -0.515803
                 452                4.52           -0.191962           -0.515106
                 453                4.53           -0.197113            -0.51441
                 454                4.54           -0.202257           -0.513715
                 455                4.55           -0.207395           -0.513022
                 456                4.56           -0.212525            -0.51233
                 457                4.57           -0.217648            -0.51164
                 458                4.58           -0.222765            -0.51095
                 459                4.59           -0.227874           -0.510262
                 460                 4.6           -0.232977           -0.509576
                 461                4.61           -0.238072           -0.508891
                 462                4.62           -0.243161           -0.508207
                 463                4.63           -0.248243           -0.507525
                 464                4.64           -0.253319           -0.506844
                 465                4.65           -0.258387           -0.506164
                 466                4.66           -0.263449           -0.505486
                 467                4.67           -0.268504           -0.504809
                 468                4.68           -0.273552           -0.504134
                 469                4.69           -0.278593            -0.50346
                 470                 4.7           -0.283628           -0.502787
                 471                4.71           -0.288655           -0.502116
                 472                4.72           -0.293677           -0.501446
                 473                4.73           -0.298691           -0.500778
                 474                4.74           -0.303699           -0.500111
                 475                4.75             -0.3087           -0.499446
                 476                4.76           -0.313694           -0.498782
                 477                4.77           -0.318682           -0.498119
                 478                4.78           -0.323663           -0.497458
                 479                4.79           -0.328638           -0.496799
                 480                 4.8           -0.333606           -0.496141
                 481                4.81           -0.338567           -0.495484
                 482                4.82           -0.343522           -0.494829
                 483                4.83           -0.348471           -0.494175
                 484                4.84           -0.353412           -0.493523
                 485                4.85           -0.358348           -0.492873
                 486                4.86           -0.363276           -0.492224
                 487                4.87           -0.368199           -0.491576
                 488                4.88           -0.373114            -0.49093
                 489                4.89           -0.378024           -0.490285
                 490                 4.9           -0.382926           -0.489642
                 491                4.91           -0.387823           -0.489001
                 492                4.92           -0.392713            -0.48836
                 493                4.93           -0.397596           -0.487722
                 494                4.94           -0.402474           -0.487085
                 495                4.95           -0.407345            -0.48645
                 496                4.96           -0.412209           -0.485816
                 497                4.97           -0.417067           -0.485183
                 498                4.98           -0.421919           -0.484553
                 499                4.99           -0.426765           -0.483923
                 500                   5           -0.431604           -0.483296
                 501                5.01           -0.436437            -0.48267
                 502                5.02           -0.441263           -0.482045
                 503                5.03           -0.446084           -0.481422
                 504                5.04           -0.450898           -0.480801
                 505                5.05           -0.455706           -0.480181
                 506                5.06           -0.460508           -0.479563
                 507                5.07           -0.465304           -0.478946
                 508                5.08           -0.470093           -0.478331
                 509                5.09           -0.474876           -0.477717
                 510                 5.1           -0.479653           -0.477106
                 511                5.11           -0.484425           -0.476495
                 512                5.12           -0.489189           -0.475887
                 513                5.13           -0.493948            -0.47528
                 514                5.14           -0.498701           -0.474674
                 515                5.15           -0.503448            -0.47407
                 516                5.16           -0.508189           -0.473468
                 517                5.17           -0.512923           -0.472868
                 518                5.18           -0.517652           -0.472269
                 519                5.19           -0.522375           -0.471671
                 520                 5.2           -0.527091           -0.471076
                 521                5.21           -0.531802           -0.470482
                 522                5.22           -0.536507           -0.469889
                 523                5.23           -0.541206           -0.469298
                 524                5.24           -0.545899           -0.468709
                 525                5.25           -0.550586           -0.468122
                 526                5.26           -0.555267           -0.467536
                 527                5.27           -0.559942           -0.466952
                 528                5.28           -0.564612           -0.466369
                 529                5.29           -0.569276           -0.465788
                 530                 5.3           -0.573934           -0.465209
                 531                5.31           -0.578586           -0.464632
                 532                5.32           -0.583232           -0.464056
                 533                5.33           -0.587873           -0.463482
                 534                5.34           -0.592507           -0.462909
                 535                5.35           -0.597136           -0.462338
                 536                5.36            -0.60176           -0.461769
                 537                5.37           -0.606378           -0.461202
                 538                5.38            -0.61099           -0.460636
                 539                5.39           -0.615596           -0.460072
                 540                 5.4           -0.620197           -0.459509
                 541                5.41           -0.624792           -0.458949
                 542                5.42           -0.629381            -0.45839
                 543                5.43           -0.633965           -0.457832
                 544                5.44           -0.638543           -0.457277
                 545                5.45           -0.643116           -0.456723
                 546                5.46           -0.647683           -0.456171
                 547                5.47           -0.652245            -0.45562
                 548                5.48           -0.656801           -0.455071
                 549                5.49           -0.661352           -0.454524
                 550                 5.5           -0.665897           -0.453979
                 551                5.51           -0.670437           -0.453435
                 552                5.52           -0.674971           -0.452893
                 553                5.53             -0.6795           -0.452353
                 554                5.54           -0.684024           -0.451815
                 555                5.55           -0.688542           -0.451278
                 556                5.56           -0.693055           -0.450743
                 557                5.57           -0.697562           -0.450209
                 558                5.58           -0.702064           -0.449678
                 559                5.59           -0.706561           -0.449148
                 560                 5.6           -0.711053            -0.44862
                 561                5.61           -0.715539           -0.448093
                 562                5.62            -0.72002           -0.447569
                 563                5.63           -0.724495           -0.447046
                 564                5.64           -0.728966           -0.446524
                 565                5.65           -0.733431           -0.446005
                 566                5.66           -0.737891           -0.445487
                 567                5.67           -0.742346           -0.444971
                 568                5.68           -0.746796           -0.444457
                 569                5.69            -0.75124           -0.443945
                 570                 5.7            -0.75568           -0.443434
                 571                5.71           -0.760114           -0.442925
                 572                5.72           -0.764543           -0.442418
                 573                5.73           -0.768968           -0.441912
                 574                5.74           -0.773387           -0.441408
                 575                5.75           -0.777801           -0.440906
                 576                5.76            -0.78221           -0.440406
                 577                5.77           -0.786614           -0.439908
                 578                5.78           -0.791013           -0.439411
                 579                5.79           -0.795407           -0.438916
                 580                 5.8           -0.799796           -0.438423
                 581                5.81            -0.80418           -0.437931
                 582                5.82            -0.80856           -0.437442
                 583                5.83           -0.812934           -0.436954
                 584                5.84           -0.817304           -0.436467
                 585                5.85           -0.821668           -0.435983
                 586                5.86           -0.826028             -0.4355
                 587                5.87           -0.830383            -0.43502
                 588                5.88           -0.834733            -0.43454
                 589                5.89           -0.839079           -0.434063
                 590                 5.9           -0.843419           -0.433588
                 591                5.91           -0.847755           -0.433114
                 592                5.92           -0.852086           -0.432642
                 593                5.93           -0.856413           -0.432171
                 594                5.94           -0.860735           -0.431703
                 595                5.95           -0.865052           -0.431236
                 596                5.96           -0.869364           -0.430771
                 597                5.97           -0.873672           -0.430308
                 598                5.98           -0.877975           -0.429847
                 599                5.99           -0.882273           -0.429387
                 600                   6           -0.886567           -0.428929
                 601                6.01           -0.890856           -0.428473
                 602                6.02           -0.895141           -0.428019
                 603                6.03           -0.899421           -0.427566
                 604                6.04           -0.903697           -0.427116
                 605                6.05           -0.907968           -0.426667
                 606                6.06           -0.912235           -0.426219
                 607                6.07           -0.916497           -0.425774
                 608                6.08           -0.920755            -0.42533
                 609                6.09           -0.925008           -0.424889
                 610                 6.1           -0.929257           -0.424448
                 611                6.11           -0.933501            -0.42401
                 612                6.12           -0.937741           -0.423574
                 613                6.13           -0.941977           -0.423139
                 614                6.14           -0.946209           -0.422706
                 615                6.15           -0.950436           -0.422275
                 616                6.16           -0.954658           -0.421845
                 617                6.17           -0.958877           -0.421418
                 618                6.18           -0.963091           -0.420992
                 619                6.19           -0.967301           -0.420568
                 620                 6.2           -0.971507           -0.420145
                 621                6.21           -0.975708           -0.419725
                 622                6.22           -0.979905           -0.419306
                 623                6.23           -0.984098           -0.418889
                 624                6.24           -0.988287           -0.418474
                 625                6.25           -0.992472           -0.418061
                 626                6.26           -0.996653           -0.417649
                 627                6.27            -1.00083           -0.417239
                 628                6.28              -1.005           -0.416831
                 629                6.29            -1.00917           -0.416425
                 630                 6.3            -1.01333            -0.41602
                 631                6.31            -1.01749           -0.415618
                 632                6.32            -1.02165           -0.415217
                 633                6.33             -1.0258           -0.414817
                 634                6.34            -1.02995            -0.41442
                 635                6.35             -1.0341           -0.414024
                 636                6.36            -1.03824           -0.413631
                 637                6.37            -1.04237           -0.413238
                 638                6.38             -1.0465           -0.412848
                 639                6.39            -1.05063            -0.41246
                 640                 6.4            -1.05476           -0.412073
                 641                6.41            -1.05888           -0.411688
                 642                6.42            -1.06299           -0.411305
                 643                6.43            -1.06711           -0.410923
                 644                6.44            -1.07122           -0.410543
                 645                6.45            -1.07532           -0.410166
                 646                6.46            -1.07942           -0.409789
                 647                6.47            -1.08352           -0.409415
                 648                6.48            -1.08762           -0.409043
                 649                6.49            -1.09171           -0.408672
                 650                 6.5            -1.09579           -0.408303
                 651                6.51            -1.09988           -0.407935
                 652                6.52            -1.10396            -0.40757
                 653                6.53            -1.10803           -0.407206
                 654                6.54             -1.1121           -0.406844
                 655                6.55            -1.11617           -0.406484
                 656                6.56            -1.12024           -0.406125
                 657                6.57             -1.1243           -0.405769
                 658                6.58            -1.12836           -0.405414
                 659                6.59            -1.13241           -0.405061
                 660                 6.6            -1.13646           -0.404709
                 661                6.61            -1.14051           -0.404359
                 662                6.62            -1.14455           -0.404012
                 663                6.63            -1.14859           -0.403665
                 664                6.64            -1.15263           -0.403321
                 665                6.65            -1.15666           -0.402978
                 666                6.66            -1.16069           -0.402638
                 667                6.67            -1.16472           -0.402298
                 668                6.68            -1.16874           -0.401961
                 669                6.69            -1.17276           -0.401625
                 670                 6.7            -1.17678           -0.401292
                 671                6.71            -1.18079            -0.40096
                 672                6.72             -1.1848           -0.400629
                 673                6.73             -1.1888           -0.400301
                 674                6.74            -1.19281           -0.399974
                 675                6.75            -1.19681           -0.399649
                 676                6.76             -1.2008           -0.399325
                 677                6.77             -1.2048           -0.399004
                 678                6.78            -1.20879           -0.398684
                 679                6.79            -1.21277           -0.398366
                 680                 6.8            -1.21676           -0.398049
                 681                6.81            -1.22074           -0.397734
                 682                6.82            -1.22472           -0.397422
                 683                6.83            -1.22869            -0.39711
                 684                6.84            -1.23266           -0.396801
                 685                6.85            -1.23663           -0.396493
                 686                6.86            -1.24059           -0.396187
                 687                6.87            -1.24456           -0.395883
                 688                6.88            -1.24851            -0.39558
                 689                6.89            -1.25247            -0.39528
                 690                 6.9            -1.25642           -0.394981
                 691                6.91            -1.26037           -0.394683
                 692                6.92            -1.26432           -0.394388
                 693                6.93            -1.26826           -0.394094
                 694                6.94             -1.2722           -0.393802
                 695                6.95            -1.27614           -0.393511
                 696                6.96            -1.28008           -0.393223
                 697                6.97            -1.28401           -0.392936
                 698                6.98            -1.28794            -0.39265
                 699                6.99            -1.29187           -0.392367
                 700                   7            -1.29579           -0.392085
                 701                7.01            -1.29971           -0.391805
                 702                7.02            -1.30363           -0.391526
                 703                7.03            -1.30754            -0.39125
                 704                7.04            -1.31146           -0.390975
                 705                7.05            -1.31537           -0.390702
                 706                7.06            -1.31927            -0.39043
                 707                7.07            -1.32318            -0.39016
                 708                7.08            -1.32708           -0.389892
                 709                7.09            -1.33098           -0.389626
                 710                 7.1            -1.33487           -0.389361
                 711                7.11            -1.33877           -0.389098
                 712                7.12            -1.34266           -0.388836
                 713                7.13            -1.34655           -0.388577
                 714                7.14            -1.35043           -0.388319
                 715                7.15            -1.35432           -0.388063
                 716                7.16             -1.3582           -0.387808
                 717                7.17            -1.36207           -0.387555
                 718                7.18            -1.36595           -0.387304
                 719                7.19            -1.36982           -0.387055
                 720                 7.2            -1.37369           -0.386807
                 721                7.21            -1.37756           -0.386561
                 722                7.22            -1.38143           -0.386316
                 723                7.23            -1.38529           -0.386074
                 724                7.24            -1.38915           -0.385832
                 725                7.25            -1.39301           -0.385593
                 726                7.26            -1.39687           -0.385355
                 727                7.27            -1.40072           -0.385119
                 728                7.28            -1.40457           -0.384885
                 729                7.29            -1.40842           -0.384652
                 730                 7.3            -1.41227           -0.384421
                 731                7.31            -1.41611           -0.384192
                 732                7.32            -1.41995           -0.383964
                 733                7.33            -1.42379           -0.383738
                 734                7.34            -1.42763           -0.383514
                 735                7.35            -1.43146           -0.383292
                 736                7.36             -1.4353           -0.383071
                 737                7.37            -1.43913           -0.382851
                 738                7.38            -1.44296           -0.382634
                 739                7.39            -1.44678           -0.382418
                 740                 7.4            -1.45061           -0.382203
                 741                7.41            -1.45443            -0.38199
                 742                7.42            -1.45825           -0.381779
                 743                7.43            -1.46207            -0.38157
                 744                7.44            -1.46588           -0.381362
                 745                7.45             -1.4697           -0.381156
                 746                7.46            -1.47351           -0.380952
                 747                7.47            -1.47732           -0.380749
                 748                7.48            -1.48112           -0.380548
                 749                7.49            -1.48493           -0.380348
                 750                 7.5            -1.48873            -0.38015
                 751                7.51            -1.49253           -0.379954
                 752                7.52            -1.49633            -0.37976
                 753                7.53            -1.50013           -0.379567
                 754                7.54            -1.50393           -0.379375
                 755                7.55            -1.50772           -0.379186
                 756                7.56            -1.51151           -0.378998
                 757                7.57             -1.5153           -0.378811
                 758                7.58            -1.51909           -0.378626
                 759                7.59            -1.52288           -0.378443
                 760                 7.6            -1.52666           -0.378262
                 761                7.61            -1.53044           -0.378082
                 762                7.62            -1.53423           -0.377903
                 763                7.63              -1.538           -0.377727
                 764                7.64            -1.54178           -0.377551
                 765                7.65            -1.54556           -0.377378
                 766                7.66            -1.54933           -0.377206
                 767                7.67             -1.5531           -0.377036
                 768                7.68            -1.55687           -0.376867
                 769                7.69            -1.56064             -0.3767
                 770                 7.7            -1.56441           -0.376535
                 771                7.71            -1.56817           -0.376371
                 772                7.72            -1.57194           -0.376209
                 773                7.73             -1.5757           -0.376048
                 774                7.74            -1.57946           -0.375889
                 775                7.75            -1.58322           -0.375732
                 776                7.76            -1.58698           -0.375576
                 777                7.77            -1.59073           -0.375422
                 778                7.78            -1.59449           -0.375269
                 779                7.79            -1.59824           -0.375118
                 780                 7.8            -1.60199           -0.374968
                 781                7.81            -1.60574           -0.374821
                 782                7.82            -1.60949           -0.374674
                 783                7.83            -1.61324            -0.37453
                 784                7.84            -1.61698           -0.374386
                 785                7.85            -1.62072           -0.374245
                 786                7.86            -1.62447           -0.374105
                 787                7.87            -1.62821           -0.373967
                 788                7.88            -1.63195            -0.37383
                 789                7.89            -1.63569           -0.373694
                 790                 7.9            -1.63942           -0.373561
                 791                7.91            -1.64316           -0.373429
                 792                7.92            -1.64689           -0.373298
                 793                7.93            -1.65063           -0.373169
                 794                7.94            -1.65436           -0.373042
                 795                7.95            -1.65809           -0.372916
                 796                7.96            -1.66182           -0.372792
                 797                7.97            -1.66555           -0.372669
                 798                7.98            -1.66927           -0.372548
                 799                7.99              -1.673           -0.372428
                 800                   8            -1.67672            -0.37231
                 801                8.01            -1.68044           -0.372193
                 802                8.02            -1.68417           -0.372078
                 803                8.03            -1.68789           -0.371965
                 804                8.04            -1.69161           -0.371853
                 805                8.05            -1.69533           -0.371743
                 806                8.06            -1.69904           -0.371634
                 807                8.07            -1.70276           -0.371527
                 808                8.08            -1.70647           -0.371421
                 809                8.09            -1.71019           -0.371317
                 810                 8.1             -1.7139           -0.371214
                 811                8.11            -1.71761           -0.371113
                 812                8.12            -1.72133           -0.371013
                 813                8.13            -1.72504           -0.370915
                 814                8.14            -1.72874           -0.370819
                 815                8.15            -1.73245           -0.370724
                 816                8.16            -1.73616            -0.37063
                 817                8.17            -1.73987           -0.370538
                 818                8.18            -1.74357           -0.370448
                 819                8.19            -1.74728           -0.370359
                 820                 8.2            -1.75098           -0.370271
                 821                8.21            -1.75468           -0.370185
                 822                8.22            -1.75838           -0.370101
                 823                8.23            -1.76209           -0.370018
                 824                8.24            -1.76579           -0.369937
                 825                8.25            -1.76948           -0.369857
                 826                8.26            -1.77318           -0.369779
                 827                8.27            -1.77688           -0.369702
                 828                8.28            -1.78058           -0.369626
                 829                8.29            -1.78427           -0.369552
                 830                 8.3            -1.78797            -0.36948
                 831                8.31            -1.79166           -0.369409
                 832                8.32            -1.79536            -0.36934
                 833                8.33            -1.79905           -0.369272
                 834                8.34            -1.80274           -0.369205
                 835                8.35            -1.80644            -0.36914
                 836                8.36            -1.81013           -0.369077
                 837                8.37            -1.81382           -0.369015
                 838                8.38            -1.81751           -0.368955
                 839                8.39             -1.8212           -0.368896
                 840                 8.4            -1.82489           -0.368838
                 841                8.41            -1.82858           -0.368782
                 842                8.42            -1.83226           -0.368727
                 843                8.43            -1.83595           -0.368674
                 844                8.44            -1.83964           -0.368623
                 845                8.45            -1.84332           -0.368573
                 846                8.46            -1.84701           -0.368524
                 847                8.47             -1.8507           -0.368477
                 848                8.48            -1.85438           -0.368431
                 849                8.49            -1.85806           -0.368386
                 850                 8.5            -1.86175           -0.368344
                 851                8.51            -1.86543           -0.368302
                 852                8.52            -1.86911           -0.368262
                 853                8.53             -1.8728           -0.368224
                 854                8.54            -1.87648           -0.368187
                 855                8.55            -1.88016           -0.368151
                 856                8.56            -1.88384           -0.368117
                 857                8.57            -1.88752           -0.368084
                 858                8.58             -1.8912           -0.368053
                 859                8.59            -1.89489           -0.368023
                 860                 8.6            -1.89857           -0.367995
                 861                8.61            -1.90225           -0.367968
                 862                8.62            -1.90593           -0.367942
                 863                8.63             -1.9096           -0.367918
                 864                8.64            -1.91328           -0.367896
                 865                8.65            -1.91696           -0.367874
                 866                8.66            -1.92064           -0.367855
                 867                8.67            -1.92432           -0.367836
                 868                8.68              -1.928           -0.367819
                 869                8.69            -1.93168           -0.367804
                 870                 8.7            -1.93535            -0.36779
                 871                8.71            -1.93903           -0.367777
                 872                8.72            -1.94271           -0.367766
                 873                8.73            -1.94639           -0.367756
                 874                8.74            -1.95007           -0.367747
                 875                8.75            -1.95374            -0.36774
                 876                8.76            -1.95742           -0.367735
                 877                8.77             -1.9611            -0.36773
                 878                8.78            -1.96478           -0.367728
                 879                8.79            -1.96845           -0.367726
                 880                 8.8            -1.97213           -0.367726
                 881                8.81            -1.97581           -0.367728
                 882                8.82            -1.97948            -0.36773
                 883                8.83            -1.98316           -0.367734
                 884                8.84            -1.98684            -0.36774
                 885                8.85            -1.99052           -0.367747
                 886                8.86            -1.99419           -0.367755
                 887                8.87            -1.99787           -0.367765
                 888                8.88            -2.00155           -0.367776
                 889                8.89            -2.00523           -0.367789
                 890                 8.9             -2.0089           -0.367802
                 891                8.91            -2.01258           -0.367818
                 892                8.92            -2.01626           -0.367834
                 893                8.93            -2.01994           -0.367852
                 894                8.94            -2.02362           -0.367872
                 895                8.95             -2.0273           -0.367892
                 896                8.96            -2.03098           -0.367914
                 897                8.97            -2.03465           -0.367938
                 898                8.98            -2.03833           -0.367963
                 899                8.99            -2.04201           -0.367989
                 900                   9            -2.04569           -0.368016
                 901                9.01            -2.04937           -0.368045
                 902                9.02            -2.05305           -0.368076
                 903                9.03            -2.05673           -0.368107
                 904                9.04            -2.06042            -0.36814
                 905                9.05             -2.0641           -0.368174
                 906                9.06            -2.06778            -0.36821
                 907                9.07            -2.07146           -0.368247
                 908                9.08            -2.07514           -0.368285
                 909                9.09            -2.07883           -0.368325
                 910                 9.1            -2.08251           -0.368366
                 911                9.11            -2.08619           -0.368408
                 912                9.12            -2.08988           -0.368452
                 913                9.13            -2.09356           -0.368497
                 914                9.14            -2.09725           -0.368543
                 915                9.15            -2.10093           -0.368591
                 916                9.16            -2.10462            -0.36864
                 917                9.17             -2.1083            -0.36869
                 918                9.18            -2.11199           -0.368742
                 919                9.19            -2.11568           -0.368795
                 920                 9.2            -2.11937           -0.368849
                 921                9.21            -2.12306           -0.368905
                 922                9.22            -2.12674           -0.368962
                 923                9.23            -2.13043            -0.36902
                 924                9.24            -2.13412            -0.36908
                 925                9.25            -2.13781            -0.36914
                 926                9.26            -2.14151           -0.369203
                 927                9.27             -2.1452           -0.369266
                 928                9.28            -2.14889           -0.369331
                 929                9.29            -2.15258           -0.369397
                 930                 9.3            -2.15628           -0.369464
                 931                9.31            -2.15997           -0.369533
                 932                9.32            -2.16367           -0.369603
                 933                9.33            -2.16736           -0.369674
                 934                9.34            -2.17106           -0.369746
                 935                9.35            -2.17476            -0.36982
                 936                9.36            -2.17846           -0.369895
                 937                9.37            -2.18216           -0.369972
                 938                9.38            -2.18586           -0.370049
                 939                9.39            -2.18956           -0.370128
                 940                 9.4            -2.19326           -0.370208
                 941                9.41            -2.19696            -0.37029
                 942                9.42            -2.20066           -0.370372
                 943                9.43            -2.20437           -0.370456
                 944                9.44            -2.20807           -0.370542
                 945                9.45            -2.21178           -0.370628
                 946                9.46            -2.21548           -0.370716
                 947                9.47            -2.21919           -0.370805
                 948                9.48             -2.2229           -0.370895
                 949                9.49            -2.22661           -0.370987
                 950                 9.5            -2.23032           -0.371079
                 951                9.51            -2.23403           -0.371173
                 952                9.52            -2.23774           -0.371269
                 953                9.53            -2.24145           -0.371365
                 954                9.54            -2.24516           -0.371463
                 955                9.55            -2.24888           -0.371562
                 956                9.56             -2.2526           -0.371662
                 957                9.57            -2.25631           -0.371764
                 958                9.58            -2.26003           -0.371866
                 959                9.59            -2.26375            -0.37197
                 960                 9.6            -2.26747           -0.372075
                 961                9.61            -2.27119           -0.372182
                 962                9.62            -2.27491           -0.372289
                 963                9.63            -2.27863           -0.372398
                 964                9.64            -2.28236           -0.372508
                 965                9.65            -2.28608           -0.372619
                 966                9.66            -2.28981           -0.372732
                 967                9.67            -2.29354           -0.372846
                 968                9.68            -2.29726            -0.37296
                 969                9.69            -2.30099           -0.373077
                 970                 9.7            -2.30472           -0.373194
                 971                9.71            -2.30846           -0.373312
                 972                9.72            -2.31219           -0.373432
                 973                9.73            -2.31592           -0.373553
                 974                9.74            -2.31966           -0.373675
                 975                9.75             -2.3234           -0.373798
                 976                9.76            -2.32713           -0.373923
                 977                9.77            -2.33087           -0.374048
                 978                9.78            -2.33461           -0.374175
                 979                9.79            -2.33836           -0.374303
                 980                 9.8             -2.3421           -0.374432
                 981                9.81            -2.34584           -0.374563
                 982                9.82            -2.34959           -0.374694
                 983                9.83            -2.35334           -0.374827
                 984                9.84            -2.35708           -0.374961
                 985                9.85            -2.36083           -0.375096
                 986                9.86            -2.36458           -0.375232
                 987                9.87            -2.36834            -0.37537
                 988                9.88            -2.37209           -0.375508
                 989                9.89            -2.37585           -0.375648
                 990                 9.9             -2.3796           -0.375789
                 991                9.91            -2.38336           -0.375931
                 992                9.92            -2.38712           -0.376074
                 993                9.93            -2.39088           -0.376218
                 994                9.94            -2.39464           -0.376364
                 995                9.95            -2.39841            -0.37651
                 996                9.96            -2.40217           -0.376658
                 997                9.97            -2.40594           -0.376807
                 998                9.98            -2.40971           -0.376957
                 999                9.99            -2.41348           -0.377108
                1000                  10            -2.41725            -0.37726
                1001               10.01            -2.42102           -0.377413
                1002               10.02            -2.42479           -0.377568
                1003               10.03            -2.42857           -0.377723
                1004               10.04            -2.43235            -0.37788
                1005               10.05            -2.43612           -0.378038
                1006               10.06            -2.43991           -0.378197
                1007               10.07            -2.44369           -0.378357
                1008               10.08            -2.44747           -0.378518
                1009               10.09            -2.45126            -0.37868
                1010                10.1            -2.45504           -0.378844
                1011               10.11            -2.45883           -0.379008
                1012               10.12            -2.46262           -0.379174
                1013               10.13            -2.46641           -0.379341
                1014               10.14            -2.47021           -0.379508
                1015               10.15              -2.474           -0.379677
                1016               10.16             -2.4778           -0.379847
                1017               10.17             -2.4816           -0.380018
                1018               10.18             -2.4854            -0.38019
                1019               10.19             -2.4892           -0.380363
                1020                10.2              -2.493           -0.380537
                1021               10.21            -2.49681           -0.380713
                1022               10.22            -2.50061           -0.380889
                1023               10.23            -2.50442           -0.381067
                1024               10.24            -2.50823           -0.381245
                1025               10.25            -2.51205           -0.381425
                1026               10.26            -2.51586           -0.381605
                1027               10.27            -2.51968           -0.381787
                1028               10.28             -2.5235           -0.381969
                1029               10.29            -2.52731           -0.382153
                1030                10.3            -2.53114           -0.382338
                1031               10.31            -2.53496           -0.382524
                1032               10.32            -2.53878           -0.382711
                1033               10.33            -2.54261           -0.382899
                1034               10.34            -2.54644           -0.383088
                1035               10.35            -2.55027           -0.383278
                1036               10.36             -2.5541           -0.383469
                1037               10.37            -2.55794           -0.383661
                1038               10.38            -2.56178           -0.383854
                1039               10.39            -2.56561           -0.384048
                1040                10.4            -2.56945           -0.384243
                1041               10.41             -2.5733           -0.384439
                1042               10.42            -2.57714           -0.384636
                1043               10.43            -2.58099           -0.384834
                1044               10.44            -2.58484           -0.385033
                1045               10.45            -2.58869           -0.385233
                1046               10.46            -2.59254           -0.385434
                1047               10.47            -2.59639           -0.385636
                1048               10.48            -2.60025           -0.385839
                1049               10.49            -2.60411           -0.386043
                1050                10.5            -2.60797           -0.386248
                1051               10.51            -2.61183           -0.386454
                1052               10.52             -2.6157           -0.386661
                1053               10.53            -2.61956           -0.386869
                1054               10.54            -2.62343           -0.387078
                1055               10.55             -2.6273           -0.387288
                1056               10.56            -2.63117           -0.387499
                1057               10.57            -2.63505           -0.387711
                1058               10.58            -2.63893           -0.387924
                1059               10.59            -2.64281           -0.388138
                1060                10.6            -2.64669           -0.388352
                1061               10.61            -2.65057           -0.388568
                1062               10.62            -2.65446           -0.388785
                1063               10.63            -2.65834           -0.389002
                1064               10.64            -2.66223           -0.389221
                1065               10.65            -2.66613            -0.38944
                1066               10.66            -2.67002            -0.38966
                1067               10.67            -2.67392           -0.389882
                1068               10.68            -2.67782           -0.390104
                1069               10.69            -2.68172           -0.390327
                1070                10.7            -2.68562           -0.390551
                1071               10.71            -2.68953           -0.390776
                1072               10.72            -2.69343           -0.391002
                1073               10.73            -2.69734           -0.391229
                1074               10.74            -2.70126           -0.391456
                1075               10.75            -2.70517           -0.391685
                1076               10.76            -2.70909           -0.391914
                1077               10.77            -2.71301           -0.392145
                1078               10.78            -2.71693           -0.392376
                1079               10.79            -2.72085           -0.392608
                1080                10.8            -2.72478           -0.392841
                1081               10.81            -2.72871           -0.393075
                1082               10.82            -2.73264            -0.39331
                1083               10.83            -2.73657           -0.393546
                1084               10.84            -2.74051           -0.393782
                1085               10.85            -2.74444            -0.39402
                1086               10.86            -2.74838           -0.394258
                1087               10.87            -2.75233           -0.394497
                1088               10.88            -2.75627           -0.394737
                1089               10.89            -2.76022           -0.394978
                1090                10.9            -2.76417            -0.39522
                1091               10.91            -2.76812           -0.395462
                1092               10.92            -2.77208           -0.395706
                1093               10.93            -2.77603            -0.39595
                1094               10.94            -2.77999           -0.396195
                1095               10.95            -2.78395           -0.396441
                1096               10.96            -2.78792           -0.396688
                1097               10.97            -2.79189           -0.396935
                1098               10.98            -2.79585           -0.397184
                1099               10.99            -2.79983           -0.397433
                1100                  11             -2.8038           -0.397683
                1101               11.01            -2.80778           -0.397934
                1102               11.02            -2.81176           -0.398186
                1103               11.03            -2.81574           -0.398438
                1104               11.04            -2.81972           -0.398691
                1105               11.05            -2.82371           -0.398945
                1106               11.06             -2.8277             -0.3992
                1107               11.07            -2.83169           -0.399456
                1108               11.08            -2.83569           -0.399712
                1109               11.09            -2.83968            -0.39997
                1110                11.1            -2.84368           -0.400228
                1111               11.11            -2.84769           -0.400486
                1112               11.12            -2.85169           -0.400746
                1113               11.13             -2.8557           -0.401006
                1114               11.14            -2.85971           -0.401267
                1115               11.15            -2.86372           -0.401529
                1116               11.16            -2.86774           -0.401792
                1117               11.17            -2.87175           -0.402055
                1118               11.18            -2.87577           -0.402319
                1119               11.19             -2.8798           -0.402584
                1120                11.2            -2.88382            -0.40285
                1121               11.21            -2.88785           -0.403116
                1122               11.22            -2.89188           -0.403383
                1123               11.23            -2.89592           -0.403651
                1124               11.24            -2.89995            -0.40392
                1125               11.25            -2.90399           -0.404189
                1126               11.26            -2.90803           -0.404459
                1127               11.27            -2.91208            -0.40473
                1128               11.28            -2.91613           -0.405001
                1129               11.29            -2.92018           -0.405273
                1130                11.3            -2.92423           -0.405546
# Sphere and interface collide
