            IntervalRadial            Vertical          Radial_vel        Vertical_vel
                   0                   0           -0.286189
                   1            0.151854           -0.283781
                   2            0.303568           -0.276831
                   3            0.455075           -0.266294
                   4            0.606413            -0.25356
                   5            0.757699           -0.240226
                   6            0.909064           -0.227809
                   7             1.06058           -0.217445
                   8             1.21225           -0.209611
                   9             1.36403           -0.204108
                  10             1.51585           -0.200177
                  11             1.66768           -0.196792
                  12             1.81951           -0.192938
                  13              1.9713            -0.18789
                  14             2.12303             -0.1813
                  15             2.27469           -0.173271
                  16             2.42629           -0.164254
                  17             2.57788           -0.154943
                  18             2.72949           -0.146084
                  19             2.88117           -0.138342
                  20             3.03291            -0.13213
                  21             3.18472           -0.127549
                  22             3.33656           -0.124368
                  23             3.48841           -0.122096
                  24             3.64027           -0.120114
                  25             3.79213           -0.117849
                  26             3.94397           -0.114898
                  27              4.0958           -0.111116
                  28             4.24761           -0.106598
                  29              4.3994           -0.101639
                  30             4.55119          -0.0966264
                  31             4.70299          -0.0919574
                  32             4.85481          -0.0879378
                  33             5.00665          -0.0847354
                  34              5.1585          -0.0823438
                  35             5.31036           -0.080607
                  36             5.46223          -0.0792565
                  37              5.6141           -0.077984
                  38             5.76597          -0.0765065
                  39             5.91783          -0.0746412
                  40             6.06968          -0.0723376
                  41             6.22153          -0.0696799
                  42             6.37338          -0.0668392
                  43             6.52522          -0.0640289
                  44             6.67708           -0.061446
                  45             6.82893          -0.0592315
                  46             6.98079          -0.0574413
                  47             7.13266          -0.0560481
                  48             7.28453          -0.0549514
                  49              7.4364          -0.0540096
                  50             7.58827          -0.0530712
                  51             7.74014          -0.0520143
                  52             7.89201          -0.0507577
                  53             8.04387          -0.0492883
                  54             8.19574          -0.0476552
                  55              8.3476          -0.0459644
                  56             8.49946          -0.0443244
                  57             8.65133          -0.0428295
                  58              8.8032          -0.0415374
                  59             8.95507          -0.0404662
                  60             9.10694          -0.0395875
                  61             9.25881          -0.0388407
                  62             9.41068          -0.0381548
                  63             9.56255          -0.0374574
                  64             9.71442           -0.036692
                  65             9.86629          -0.0358344
                  66             10.0182          -0.0348845
                  67               10.17          -0.0338701
                  68             10.3219          -0.0328297
                  69             10.4738          -0.0318384
                  70             10.6256          -0.0309412
                  71             10.7775          -0.0301647
                  72             10.9294          -0.0294926
                  73             11.0813          -0.0289157
                  74             11.2331          -0.0284011
                  75              11.385          -0.0279048
                  76             11.5369          -0.0273988
                  77             11.6887          -0.0268606
                  78             11.8406           -0.026281
                  79             11.9925          -0.0256622
                  80             12.1444          -0.0250249
                  81             12.2962          -0.0243942
                  82             12.4481          -0.0237813
                  83                12.6          -0.0232225
                  84             12.7518          -0.0227311
                  85             12.9037          -0.0223282
                  86             13.0556          -0.0219438
                  87             13.2075          -0.0215871
                  88             13.3593          -0.0212431
                  89             13.5112          -0.0208876
                  90             13.6631          -0.0205202
                  91              13.815          -0.0201383
                  92             13.9668          -0.0197448
                  93             14.1187          -0.0193518
                  94             14.2706          -0.0189645
                  95             14.4224          -0.0185921
                  96             14.5743          -0.0182608
                  97             14.7262          -0.0179458
                  98             14.8781          -0.0176557
                  99             15.0299          -0.0174599
