            IntervalRadial            Vertical          Radial_vel        Vertical_vel
                   0                   0          -0.0469139
                   1             0.15164          -0.0468374
                   2             0.30328          -0.0465947
                   3            0.454919          -0.0462169
                   4            0.606558          -0.0457375
                   5            0.758197          -0.0451825
                   6            0.909836          -0.0445872
                   7             1.06147          -0.0439819
                   8             1.21311          -0.0433692
                   9             1.36475          -0.0427584
                  10             1.51639          -0.0421392
                  11             1.66803          -0.0414938
                  12             1.81967          -0.0408135
                  13             1.97131          -0.0400917
                  14             2.12294          -0.0393206
                  15             2.27458          -0.0385186
                  16             2.42622          -0.0376953
                  17             2.57786          -0.0368737
                  18             2.72949           -0.036075
                  19             2.88113          -0.0353162
                  20             3.03277           -0.034604
                  21             3.18441           -0.033943
                  22             3.33605          -0.0333218
                  23             3.48769          -0.0327277
                  24             3.63933          -0.0321429
                  25             3.79096          -0.0315519
                  26              3.9426          -0.0309455
                  27             4.09424          -0.0303244
                  28             4.24588          -0.0296911
                  29             4.39752            -0.02906
                  30             4.54916          -0.0284433
                  31              4.7008          -0.0278556
                  32             4.85244           -0.027305
                  33             5.00407          -0.0267967
                  34             5.15571          -0.0263258
                  35             5.30735          -0.0258851
                  36             5.45899          -0.0254611
                  37             5.61063          -0.0250419
                  38             5.76227          -0.0246149
                  39             5.91391          -0.0241745
                  40             6.06555          -0.0237205
                  41             6.21719          -0.0232609
                  42             6.36883          -0.0228037
                  43             6.52047          -0.0223606
                  44             6.67211          -0.0219402
                  45             6.82375          -0.0215488
                  46             6.97539          -0.0211862
                  47             7.12703          -0.0208493
                  48             7.27867          -0.0205302
                  49              7.4303          -0.0202197
                  50             7.58194          -0.0199077
                  51             7.73358          -0.0195889
                  52             7.88522          -0.0192586
                  53             8.03686          -0.0189183
                  54              8.1885          -0.0185725
                  55             8.34014           -0.018232
                  56             8.49178          -0.0179034
                  57             8.64342          -0.0175931
                  58             8.79506           -0.017303
                  59              8.9467          -0.0170337
                  60             9.09834          -0.0167804
                  61             9.24998          -0.0165368
                  62             9.40162          -0.0162969
                  63             9.55326          -0.0160544
                  64              9.7049          -0.0158046
                  65             9.85654          -0.0155473
                  66             10.0082          -0.0152839
                  67             10.1598          -0.0150189
                  68             10.3115           -0.014756
                  69             10.4631          -0.0145043
                  70             10.6147          -0.0142669
                  71             10.7664          -0.0140455
                  72              10.918          -0.0138355
                  73             11.0697          -0.0136362
                  74             11.2213          -0.0134426
                  75             11.3729          -0.0132488
                  76             11.5246          -0.0130526
                  77             11.6762          -0.0128519
                  78             11.8279          -0.0126463
                  79             11.9795          -0.0124375
                  80             12.1311           -0.012229
                  81             12.2828          -0.0120247
                  82             12.4344          -0.0118268
                  83             12.5861          -0.0116387
                  84             12.7377          -0.0114609
                  85             12.8893          -0.0112952
                  86              13.041          -0.0111309
                  87             13.1926          -0.0109698
                  88             13.3443          -0.0108095
                  89             13.4959          -0.0106466
                  90             13.6475          -0.0104819
                  91             13.7992          -0.0103155
                  92             13.9508          -0.0101482
                  93             14.1025         -0.00998267
                  94             14.2541         -0.00981985
                  95             14.4057         -0.00966125
                  96             14.5574         -0.00951002
                  97              14.709         -0.00936271
                  98             14.8607         -0.00921983
                  99             15.0123         -0.00908676
