            IntervalRadial            Vertical          Radial_vel        Vertical_vel
                   0                   0          -0.0323779
                   1            0.151815          -0.0343689
                   2            0.303602           -0.030807
                   3            0.455379           -0.026855
                   4            0.607195          -0.0249053
                   5            0.758984          -0.0214531
                   6            0.910789          -0.0187785
                   7             1.06261          -0.0204675
                   8             1.21444          -0.0200697
                   9             1.36625          -0.0224354
                  10             1.51803          -0.0259262
                  11             1.66986           -0.027105
                  12             1.82168          -0.0284454
                  13              1.9735          -0.0297673
                  14              2.1253          -0.0265101
                  15             2.27712          -0.0254474
                  16             2.42891          -0.0220838
                  17              2.5807          -0.0186784
                  18             2.73252          -0.0169365
                  19             2.88435          -0.0162095
                  20             3.03617           -0.015573
                  21             3.18798          -0.0181743
                  22              3.3398          -0.0197132
                  23             3.49161          -0.0219259
                  24             3.64342          -0.0242311
                  25             3.79525           -0.024779
                  26             3.94708          -0.0242158
                  27             4.09891          -0.0236308
                  28              4.2507          -0.0204949
                  29             4.40252          -0.0185819
                  30             4.55433          -0.0162187
                  31             4.70615          -0.0146954
                  32             4.85798          -0.0142479
                  33              5.0098            -0.01536
                  34             5.16163          -0.0163404
                  35             5.31343          -0.0189503
                  36             5.46525          -0.0205766
                  37             5.61708          -0.0219199
                  38              5.7689          -0.0225086
                  39             5.92073          -0.0219615
                  40             6.07255          -0.0203513
                  41             6.22437          -0.0188887
                  42             6.37618          -0.0165094
                  43               6.528          -0.0151847
                  44             6.67983           -0.014213
                  45             6.83166            -0.01436
                  46             6.98348          -0.0150958
                  47              7.1353          -0.0169004
                  48             7.28712          -0.0182638
                  49             7.43894           -0.020103
                  50             7.59077           -0.020852
                  51              7.7426          -0.0210577
                  52             7.89442            -0.02038
                  53             8.04625           -0.019204
                  54             8.19807          -0.0175194
                  55             8.34989          -0.0162971
                  56             8.50171          -0.0150864
                  57             8.65354          -0.0148294
                  58             8.80537          -0.0150521
                  59             8.95719           -0.016097
                  60             9.10902          -0.0172668
                  61             9.26084          -0.0188183
                  62             9.41266          -0.0197014
                  63             9.56449          -0.0204842
                  64             9.71632          -0.0203251
                  65             9.86815          -0.0197905
                  66               10.02          -0.0186952
                  67             10.1718          -0.0176399
                  68             10.3236          -0.0165772
                  69             10.4754          -0.0161347
                  70             10.6273          -0.0159967
                  71             10.7791          -0.0165176
                  72             10.9309          -0.0172843
                  73             11.0828          -0.0183876
                  74             11.2346          -0.0192952
                  75             11.3864          -0.0201442
                  76             11.5382          -0.0203704
                  77             11.6901          -0.0203907
                  78             11.8419          -0.0198483
                  79             11.9937          -0.0192345
                  80             12.1455          -0.0184477
                  81             12.2974           -0.017965
                  82             12.4492          -0.0176713
                  83              12.601           -0.017883
                  84             12.7529          -0.0183001
                  85             12.9047          -0.0189914
                  86             13.0565          -0.0196612
                  87             13.2083          -0.0203335
                  88             13.3602          -0.0207619
                  89              13.512          -0.0210411
                  90             13.6638           -0.020979
                  91             13.8156          -0.0208287
                  92             13.9675          -0.0204927
                  93             14.1193          -0.0202462
                  94             14.2711          -0.0200201
                  95              14.423          -0.0200428
                  96             14.5748          -0.0201777
                  97             14.7266          -0.0205435
                  98             14.8784          -0.0209444
                  99             15.0303           -0.021381
