            IntervalRadial            Vertical          Radial_vel        Vertical_vel
                   0                   0           -0.347273
                   1            0.151983           -0.341374
                   2            0.303127           -0.324371
                   3             0.45301           -0.298513
                   4            0.601904           -0.267462
                   5            0.750754           -0.236202
                   6            0.900617           -0.210229
                   7             1.05184           -0.193932
                   8             1.20384           -0.188648
                   9              1.3559           -0.192251
                  10             1.50778           -0.200429
                  11             1.65966           -0.208475
                  12              1.8117           -0.212575
                  13             1.96378           -0.210511
                  14             2.11563           -0.201716
                  15             2.26702           -0.187138
                  16             2.41801             -0.1688
                  17             2.56886           -0.149378
                  18             2.71993           -0.131658
                  19             2.87142           -0.118128
                  20             3.02332           -0.110456
                  21             3.17541           -0.109044
                  22             3.32747           -0.112714
                  23             3.47944           -0.118966
                  24             3.63142           -0.124795
                  25             3.78349           -0.127709
                  26             3.93558           -0.126351
                  27             4.08757           -0.120661
                  28              4.2394           -0.111594
                  29             4.39111           -0.100735
                  30             4.54282          -0.0898745
                  31             4.69463          -0.0806542
                  32              4.8466          -0.0742536
                  33             4.99866          -0.0712254
                  34             5.15076          -0.0713984
                  35             5.30284          -0.0739397
                  36             5.45489          -0.0775064
                  37             5.60696          -0.0805671
                  38             5.75905           -0.081794
                  39             5.91114          -0.0804633
                  40             6.06319          -0.0766138
                  41             6.21518          -0.0709528
                  42             6.36714          -0.0645384
                  43             6.51912          -0.0584726
                  44             6.67114          -0.0536454
                  45             6.82321          -0.0505917
                  46              6.9753          -0.0494233
                  47              7.1274          -0.0498606
                  48             7.27949          -0.0513163
                  49             7.43157          -0.0530377
                  50             7.58367          -0.0542652
                  51             7.73576          -0.0544117
                  52             7.88786          -0.0531764
                  53             8.03993          -0.0506347
                  54             8.19199           -0.047195
                  55             8.34404          -0.0434881
                  56              8.4961          -0.0401355
                  57             8.64818          -0.0376058
                  58             8.80027          -0.0361184
                  59             8.95236          -0.0356474
                  60             9.10446          -0.0359509
                  61             9.25656          -0.0366532
                  62             9.40865           -0.037346
                  63             9.56075          -0.0376616
                  64             9.71285          -0.0373486
                  65             9.86494          -0.0363271
                  66              10.017          -0.0346869
                  67             10.1691          -0.0326671
                  68             10.3212          -0.0305746
                  69             10.4733           -0.028749
                  70             10.6254          -0.0274155
                  71             10.7775          -0.0266664
                  72             10.9296          -0.0264243
                  73             11.0817            -0.02654
                  74             11.2338          -0.0267978
                  75             11.3859          -0.0269729
                  76              11.538          -0.0269046
                  77             11.6901          -0.0264991
                  78             11.8421          -0.0257495
                  79             11.9942          -0.0247268
                  80             12.1463          -0.0235677
                  81             12.2984          -0.0224332
                  82             12.4505          -0.0214586
                  83             12.6026          -0.0207503
                  84             12.7547          -0.0203305
                  85             12.9068          -0.0201763
                  86             13.0589          -0.0201373
                  87              13.211          -0.0201376
                  88             13.3631          -0.0200841
                  89             13.5152          -0.0198974
                  90             13.6673          -0.0195609
                  91             13.8194          -0.0190847
                  92             13.9715          -0.0185095
                  93             14.1236          -0.0179023
                  94             14.2757           -0.017323
                  95             14.4278          -0.0168242
                  96             14.5799          -0.0164538
                  97              14.732          -0.0161869
                  98             14.8841          -0.0160083
                  99             15.0362          -0.0159127
