            IntervalRadial            Vertical          Radial_vel        Vertical_vel
                   0                   0            -2.11613
                   1             0.15437            -2.11254
                   2            0.308407            -2.10179
                   3            0.461792            -2.08401
                   4            0.614229            -2.05939
                   5            0.765462            -2.02822
                   6            0.915282            -1.99084
                   7             1.06354            -1.94769
                   8             1.21016            -1.89926
                   9             1.35514            -1.84611
                  10             1.49855            -1.78887
                  11             1.64055            -1.72822
                  12             1.78138            -1.66488
                  13             1.92132            -1.59962
                  14             2.06073            -1.53322
                  15             2.19996            -1.46645
                  16             2.33938            -1.40008
                  17             2.47931            -1.33481
                  18             2.62005            -1.27127
                  19             2.76178               -1.21
                  20             2.90465            -1.15142
                  21              3.0487            -1.09581
                  22             3.19393            -1.04336
                  23             3.34029           -0.994134
                  24             3.48768           -0.948107
                  25             3.63601           -0.905192
                  26             3.78517            -0.86525
                  27             3.93505           -0.828112
                  28             4.08555           -0.793592
                  29             4.23659             -0.7615
                  30             4.38809           -0.731646
                  31             4.53998           -0.703849
                  32              4.6922           -0.677937
                  33             4.84471           -0.653751
                  34             4.99745           -0.631145
                  35             5.15041           -0.609983
                  36             5.30354           -0.590143
                  37             5.45683           -0.571515
                  38             5.61024           -0.553997
                  39             5.76377             -0.5375
                  40             5.91739            -0.52194
                  41             6.07111           -0.507244
                  42             6.22489           -0.493343
                  43             6.37874           -0.480178
                  44             6.53265           -0.467694
                  45              6.6866           -0.455839
                  46              6.8406           -0.444569
                  47             6.99464           -0.433842
                  48             7.14872           -0.423621
                  49             7.30282           -0.413872
                  50             7.45695           -0.404562
                  51             7.61111           -0.395664
                  52             7.76528            -0.38715
                  53             7.91948           -0.378997
                  54             8.07369           -0.371183
                  55             8.22792           -0.363686
                  56             8.38217           -0.356489
                  57             8.53642           -0.349574
                  58             8.69069           -0.342924
                  59             8.84497           -0.336525
                  60             8.99926           -0.330363
                  61             9.15356           -0.324425
                  62             9.30786           -0.318699
                  63             9.46218           -0.313174
                  64              9.6165            -0.30784
                  65             9.77082           -0.302688
                  66             9.92516           -0.297707
                  67             10.0795            -0.29289
                  68             10.2338           -0.288229
                  69             10.3882           -0.283717
                  70             10.5425           -0.279346
                  71             10.6969            -0.27511
                  72             10.8512           -0.271004
                  73             11.0056           -0.267021
                  74               11.16           -0.263155
                  75             11.3143           -0.259403
                  76             11.4687           -0.255759
                  77             11.6231           -0.252218
                  78             11.7774           -0.248777
                  79             11.9318           -0.245431
                  80             12.0862           -0.242176
                  81             12.2406            -0.23901
                  82              12.395           -0.235928
                  83             12.5493           -0.232927
                  84             12.7037           -0.230005
                  85             12.8581           -0.227159
                  86             13.0125           -0.224385
                  87             13.1669           -0.221682
                  88             13.3213           -0.219046
                  89             13.4757           -0.216476
                  90             13.6301           -0.213969
                  91             13.7845           -0.211523
                  92             13.9388           -0.209137
                  93             14.0932           -0.206809
                  94             14.2476           -0.204538
                  95              14.402           -0.202322
                  96             14.5564            -0.20016
                  97             14.7108           -0.198052
                  98             14.8652              -0.196
                  99             15.0196           -0.194008
