            IntervalRadial            Vertical          Radial_vel        Vertical_vel
                   0                   0            -2.01972
                   1            0.160839            -2.00996
                   2            0.319283            -1.98063
                   3            0.473085            -1.93257
                   4            0.620142             -1.8667
                   5            0.758572            -1.78423
                   6            0.886813            -1.68667
                   7             1.00374            -1.57579
                   8             1.10879            -1.45361
                   9             1.20214            -1.32227
                  10             1.28483            -1.18397
                  11             1.35881            -1.04082
                  12             1.42718           -0.894907
                  13             1.49428            -0.74841
                  14             1.56591           -0.604069
                  15             1.64881           -0.465896
                  16             1.74903           -0.339724
                  17             1.86902           -0.232174
                  18             2.00611           -0.147495
                  19             2.15487           -0.085551
                  20             2.31027          -0.0429611
                  21             2.46901          -0.0152727
                  22             2.62925          0.00166918
                  23              2.7901           0.0112248
                  24             2.95117           0.0159139
                  25              3.1123           0.0175349
                  26             3.27343           0.0173228
                  27             3.43456           0.0160975
                  28             3.59569           0.0143846
                  29             3.75681           0.0125079
                  30             3.91794           0.0106573
                  31             4.07906          0.00893596
                  32             4.24019           0.0073929
                  33             4.40132          0.00604482
                  34             4.56245          0.00488963
                  35             4.72358          0.00391476
                  36             4.88471          0.00310237
                  37             5.04585          0.00243258
                  38             5.20698          0.00188551
                  39             5.36812           0.0014425
                  40             5.52925          0.00108668
                  41             5.69039          0.00080323
                  42             5.85152         0.000579351
                  43             6.01266         0.000404158
                  44             6.17379         0.000268492
                  45             6.33493         0.000164711
                  46             6.49606         8.64871e-05
                  47              6.6572         2.86101e-05
                  48             6.81833        -1.31835e-05
                  49             6.97947        -4.23654e-05
                  50              7.1406        -6.17482e-05
                  51             7.30174        -7.35993e-05
                  52             7.46287        -7.97365e-05
                  53             7.62401        -8.16094e-05
                  54             7.78514        -8.03667e-05
                  55             7.94628        -7.69126e-05
                  56             8.10741        -7.19531e-05
                  57             8.26855        -6.60344e-05
                  58             8.42968        -5.95743e-05
                  59             8.59082        -5.28884e-05
                  60             8.75195        -4.62104e-05
                  61             8.91309        -3.97097e-05
                  62             9.07422        -3.35053e-05
                  63             9.23536        -2.76764e-05
                  64             9.39649        -2.22721e-05
                  65             9.55763         -1.7318e-05
                  66             9.71876        -1.28223e-05
                  67              9.8799        -8.78016e-06
                  68              10.041        -5.17718e-06
                  69             10.2022        -1.99232e-06
                  70             10.3633         8.00149e-07
                  71             10.5244         3.22898e-06
                  72             10.6856         5.32502e-06
                  73             10.8467         7.12018e-06
                  74             11.0078         8.64758e-06
                  75              11.169         9.94029e-06
                  76             11.3301         1.10334e-05
                  77             11.4912         1.19609e-05
                  78             11.6524         1.27617e-05
                  79             11.8135         1.34725e-05
                  80             11.9747         1.41403e-05
                  81             12.1358         1.48142e-05
                  82             12.2969         1.55647e-05
                  83             12.4581         1.64399e-05
                  84             12.6192         1.74773e-05
                  85             12.7803         1.87251e-05
                  86             12.9415         2.03041e-05
                  87             13.1026         2.23537e-05
                  88             13.2637         2.49925e-05
                  89             13.4249         2.83428e-05
                  90              13.586         3.25236e-05
                  91             13.7471          3.7607e-05
                  92             13.9083         4.35924e-05
                  93             14.0694         5.02156e-05
                  94             14.2305         5.68679e-05
                  95             14.3917         6.16585e-05
                  96             14.5528         6.11443e-05
                  97             14.7139         4.50545e-05
                  98             14.8751        -8.64516e-06
                  99             15.0362        -0.000190679
