            IntervalRadial            Vertical          Radial_vel        Vertical_vel
                   0                   0           -0.384478
                   1            0.151667            -0.38367
                   2            0.303316           -0.381262
                   3            0.454934            -0.37731
                   4            0.606506           -0.371903
                   5            0.758025           -0.365157
                   6            0.909486           -0.357217
                   7             1.06089           -0.348246
                   8             1.21224           -0.338418
                   9             1.36354           -0.327916
                  10             1.51481           -0.316918
                  11             1.66606           -0.305598
                  12             1.81729           -0.294117
                  13             1.96853           -0.282617
                  14             2.11977           -0.271225
                  15             2.27102           -0.260044
                  16              2.4223            -0.24916
                  17              2.5736           -0.238636
                  18             2.72493           -0.228519
                  19             2.87629           -0.218842
                  20             3.02768           -0.209622
                  21              3.1791           -0.200865
                  22             3.33054           -0.192571
                  23             3.48201           -0.184731
                  24             3.63349           -0.177331
                  25               3.785           -0.170354
                  26             3.93653           -0.163781
                  27             4.08807           -0.157591
                  28             4.23963           -0.151762
                  29              4.3912           -0.146274
                  30             4.54278           -0.141104
                  31             4.69437           -0.136233
                  32             4.84597           -0.131641
                  33             4.99758           -0.127308
                  34             5.14919           -0.123219
                  35             5.30081           -0.119355
                  36             5.45243           -0.115702
                  37             5.60406           -0.112245
                  38              5.7557            -0.10897
                  39             5.90733           -0.105867
                  40             6.05897           -0.102921
                  41             6.21062           -0.100125
                  42             6.36226           -0.097466
                  43             6.51391          -0.0949366
                  44             6.66556          -0.0925282
                  45             6.81721          -0.0902327
                  46             6.96886          -0.0880432
                  47             7.12052          -0.0859529
                  48             7.27217          -0.0839556
                  49             7.42383          -0.0820458
                  50             7.57549          -0.0802181
                  51             7.72715          -0.0784676
                  52             7.87881          -0.0767899
                  53             8.03047          -0.0751806
                  54             8.18213           -0.073636
                  55             8.33379          -0.0721524
                  56             8.48545          -0.0707264
                  57             8.63712          -0.0693548
                  58             8.78878          -0.0680349
                  59             8.94044          -0.0667637
                  60             9.09211          -0.0655388
                  61             9.24377          -0.0643578
                  62             9.39543          -0.0632186
                  63              9.5471          -0.0621189
                  64             9.69876          -0.0610568
                  65             9.85043          -0.0600307
                  66             10.0021          -0.0590386
                  67             10.1538          -0.0580791
                  68             10.3054          -0.0571506
                  69             10.4571          -0.0562516
                  70             10.6088           -0.055381
                  71             10.7604          -0.0545374
                  72             10.9121          -0.0537196
                  73             11.0638          -0.0529266
                  74             11.2154          -0.0521572
                  75             11.3671          -0.0514105
                  76             11.5188          -0.0506856
                  77             11.6704          -0.0499816
                  78             11.8221          -0.0492976
                  79             11.9738          -0.0486329
                  80             12.1254          -0.0479867
                  81             12.2771          -0.0473584
                  82             12.4288          -0.0467472
                  83             12.5804          -0.0461525
                  84             12.7321          -0.0455739
                  85             12.8838          -0.0450106
                  86             13.0354          -0.0444621
                  87             13.1871           -0.043928
                  88             13.3388          -0.0434078
                  89             13.4904          -0.0429011
                  90             13.6421          -0.0424074
                  91             13.7938          -0.0419265
                  92             13.9454          -0.0414579
                  93             14.0971          -0.0410015
                  94             14.2488           -0.040557
                  95             14.4004          -0.0401243
                  96             14.5521          -0.0397033
                  97             14.7038          -0.0392944
                  98             14.8555          -0.0388981
                  99             15.0071           -0.038517
