            IntervalRadial            Vertical          Radial_vel        Vertical_vel
                   0                   0            -5.83692
                   1            0.177722            -5.82706
                   2            0.353269            -5.79764
                   3             0.52455            -5.74921
                   4            0.689617            -5.68262
                   5            0.846699             -5.5989
                   6            0.994227            -5.49932
                   7             1.13086            -5.38523
                   8             1.25549            -5.25815
                   9             1.36731            -5.11967
                  10             1.46585            -4.97144
                  11             1.55102            -4.81514
                  12             1.62318            -4.65243
                  13             1.68324            -4.48487
                  14             1.73278            -4.31391
                  15             1.77406            -4.14077
                  16             1.81012            -3.96646
                  17             1.84454            -3.79183
                  18             1.88118            -3.61764
                  19             1.92361            -3.44478
                  20             1.97452            -3.27422
                  21              2.0355              -3.107
                  22             2.10705            -2.94401
                  23             2.18894            -2.78597
                  24             2.28057            -2.63337
                  25             2.38121            -2.48656
                  26             2.49013            -2.34578
                  27             2.60665            -2.21122
                  28             2.73014            -2.08304
                  29             2.86003            -1.96133
                  30             2.99574            -1.84616
                  31             3.13675            -1.73754
                  32             3.28253            -1.63541
                  33             3.43257            -1.53965
                  34             3.58639            -1.45009
                  35             3.74355            -1.36652
                  36             3.90361            -1.28866
                  37             4.06621            -1.21623
                  38             4.23099            -1.14893
                  39             4.39764            -1.08642
                  40             4.56591            -1.02839
                  41             4.73556            -0.97452
                  42             4.90639            -0.92451
                  43             5.07822           -0.878062
                  44              5.2509           -0.834897
                  45             5.42431           -0.794753
                  46             5.59834           -0.757386
                  47             5.77289            -0.72257
                  48              5.9479           -0.690099
                  49              6.1233           -0.659784
                  50             6.29902           -0.631452
                  51             6.47504           -0.604946
                  52             6.65129           -0.580122
                  53             6.82776            -0.55685
                  54             7.00441           -0.535011
                  55             7.18122           -0.514496
                  56             7.35817           -0.495207
                  57             7.53523           -0.477054
                  58             7.71241           -0.459955
                  59             7.88967           -0.443836
                  60             8.06701           -0.428627
                  61             8.24443           -0.414267
                  62             8.42191           -0.400699
                  63             8.59944            -0.38787
                  64             8.77702           -0.375732
                  65             8.95464           -0.364242
                  66             9.13231           -0.353359
                  67                9.31           -0.343045
                  68             9.48773           -0.333268
                  69             9.66548           -0.323995
                  70             9.84326           -0.315198
                  71             10.0211           -0.306849
                  72             10.1989           -0.298925
                  73             10.3767           -0.291402
                  74             10.5546            -0.28426
                  75             10.7324            -0.27748
                  76             10.9103           -0.271044
                  77             11.0882           -0.264935
                  78             11.2661           -0.259138
                  79              11.444           -0.253641
                  80             11.6219           -0.248429
                  81             11.7999           -0.243492
                  82             11.9778           -0.238819
                  83             12.1557           -0.234399
                  84             12.3337           -0.230226
                  85             12.5116           -0.226297
                  86             12.6896           -0.222614
                  87             12.8676           -0.219165
                  88             13.0455           -0.215936
                  89             13.2235           -0.212921
                  90             13.4015            -0.21012
                  91             13.5794           -0.207533
                  92             13.7574           -0.205165
                  93             13.9354           -0.203024
                  94             14.1134           -0.201121
                  95             14.2914           -0.199478
                  96             14.4694           -0.198128
                  97             14.6474           -0.197129
                  98             14.8254           -0.196584
                  99             15.0033            -0.19684
