           iteration                time              height            velocity
                   0                   0                   3           -0.997705
                   1                0.01             2.99002           -0.995324
                   2                0.02             2.98007           -0.992969
                   3                0.03             2.97014           -0.990639
                   4                0.04             2.96023           -0.988334
                   5                0.05             2.95035           -0.986054
                   6                0.06             2.94049           -0.983797
                   7                0.07             2.93065           -0.981564
                   8                0.08             2.92084           -0.979354
                   9                0.09             2.91104           -0.977168
                  10                 0.1             2.90127           -0.975004
                  11                0.11             2.89152           -0.972862
                  12                0.12             2.88179           -0.970742
                  13                0.13             2.87208           -0.968644
                  14                0.14              2.8624           -0.966568
                  15                0.15             2.85273           -0.964512
                  16                0.16             2.84309           -0.962477
                  17                0.17             2.83346           -0.960462
                  18                0.18             2.82386           -0.958468
                  19                0.19             2.81427           -0.956493
                  20                 0.2             2.80471           -0.954538
                  21                0.21             2.79516           -0.952601
                  22                0.22             2.78564           -0.950684
                  23                0.23             2.77613           -0.948786
                  24                0.24             2.76664           -0.946906
                  25                0.25             2.75717           -0.945044
                  26                0.26             2.74772           -0.943199
                  27                0.27             2.73829           -0.941373
                  28                0.28             2.72888           -0.939563
                  29                0.29             2.71948           -0.937771
                  30                 0.3              2.7101           -0.935996
                  31                0.31             2.70074           -0.934236
                  32                0.32              2.6914           -0.932494
                  33                0.33             2.68208           -0.930767
                  34                0.34             2.67277           -0.929056
                  35                0.35             2.66348           -0.927361
                  36                0.36              2.6542           -0.925681
                  37                0.37             2.64495           -0.924016
                  38                0.38             2.63571           -0.922365
                  39                0.39             2.62648            -0.92073
                  40                 0.4             2.61728           -0.919109
                  41                0.41             2.60809           -0.917502
                  42                0.42             2.59891           -0.915909
                  43                0.43             2.58975            -0.91433
                  44                0.44             2.58061           -0.912764
                  45                0.45             2.57148           -0.911212
                  46                0.46             2.56237           -0.909673
                  47                0.47             2.55327           -0.908147
                  48                0.48             2.54419           -0.906634
                  49                0.49             2.53512           -0.905133
                  50                 0.5             2.52607           -0.903645
                  51                0.51             2.51704           -0.902169
                  52                0.52             2.50801           -0.900704
                  53                0.53             2.49901           -0.899252
                  54                0.54             2.49002           -0.897811
                  55                0.55             2.48104           -0.896382
                  56                0.56             2.47207           -0.894964
                  57                0.57             2.46312           -0.893557
                  58                0.58             2.45419           -0.892162
                  59                0.59             2.44527           -0.890776
                  60                 0.6             2.43636           -0.889402
                  61                0.61             2.42746           -0.888038
                  62                0.62             2.41858           -0.886684
                  63                0.63             2.40972            -0.88534
                  64                0.64             2.40086           -0.884007
                  65                0.65             2.39202           -0.882683
                  66                0.66              2.3832           -0.881369
                  67                0.67             2.37438           -0.880064
                  68                0.68             2.36558           -0.878769
                  69                0.69              2.3568           -0.877483
                  70                 0.7             2.34802           -0.876206
                  71                0.71             2.33926           -0.874938
                  72                0.72             2.33051           -0.873678
                  73                0.73             2.32177           -0.872428
                  74                0.74             2.31305           -0.871186
                  75                0.75             2.30434           -0.869952
                  76                0.76             2.29564           -0.868727
                  77                0.77             2.28695            -0.86751
                  78                0.78             2.27827             -0.8663
                  79                0.79             2.26961           -0.865099
                  80                 0.8             2.26096           -0.863905
                  81                0.81             2.25232            -0.86272
                  82                0.82             2.24369           -0.861541
                  83                0.83             2.23508            -0.86037
                  84                0.84             2.22647           -0.859206
                  85                0.85             2.21788            -0.85805
                  86                0.86              2.2093             -0.8569
                  87                0.87             2.20073           -0.855758
                  88                0.88             2.19218           -0.854622
                  89                0.89             2.18363           -0.853493
                  90                 0.9             2.17509           -0.852371
                  91                0.91             2.16657           -0.851255
                  92                0.92             2.15806           -0.850145
                  93                0.93             2.14956           -0.849042
                  94                0.94             2.14107           -0.847945
                  95                0.95             2.13259           -0.846854
                  96                0.96             2.12412            -0.84577
                  97                0.97             2.11566           -0.844691
                  98                0.98             2.10721           -0.843618
                  99                0.99             2.09878            -0.84255
                 100                   1             2.09035           -0.841488
                 101                1.01             2.08194           -0.840432
                 102                1.02             2.07353           -0.839381
                 103                1.03             2.06514           -0.838336
                 104                1.04             2.05676           -0.837296
                 105                1.05             2.04838           -0.836261
                 106                1.06             2.04002           -0.835231
                 107                1.07             2.03167           -0.834206
                 108                1.08             2.02333           -0.833187
                 109                1.09             2.01499           -0.832172
                 110                 1.1             2.00667           -0.831161
                 111                1.11             1.99836           -0.830156
                 112                1.12             1.99006           -0.829155
                 113                1.13             1.98177           -0.828159
                 114                1.14             1.97349           -0.827167
                 115                1.15             1.96521           -0.826179
                 116                1.16             1.95695           -0.825196
                 117                1.17              1.9487           -0.824218
                 118                1.18             1.94046           -0.823243
                 119                1.19             1.93223           -0.822272
                 120                 1.2               1.924           -0.821306
                 121                1.21             1.91579           -0.820343
                 122                1.22             1.90759           -0.819385
                 123                1.23             1.89939            -0.81843
                 124                1.24             1.89121           -0.817479
                 125                1.25             1.88303           -0.816532
                 126                1.26             1.87487           -0.815588
                 127                1.27             1.86671           -0.814648
                 128                1.28             1.85857           -0.813711
                 129                1.29             1.85043           -0.812778
                 130                 1.3              1.8423           -0.811849
                 131                1.31             1.83418           -0.810923
                 132                1.32             1.82607               -0.81
                 133                1.33             1.81797            -0.80908
                 134                1.34             1.80988           -0.808164
                 135                1.35              1.8018            -0.80725
                 136                1.36             1.79373            -0.80634
                 137                1.37             1.78566           -0.805433
                 138                1.38             1.77761           -0.804528
                 139                1.39             1.76957           -0.803627
                 140                 1.4             1.76153           -0.802728
                 141                1.41              1.7535           -0.801833
                 142                1.42             1.74548            -0.80094
                 143                1.43             1.73747            -0.80005
                 144                1.44             1.72947           -0.799162
                 145                1.45             1.72148           -0.798277
                 146                1.46              1.7135           -0.797395
                 147                1.47             1.70553           -0.796515
                 148                1.48             1.69756           -0.795638
                 149                1.49              1.6896           -0.794763
                 150                 1.5             1.68166           -0.793891
                 151                1.51             1.67372           -0.793021
                 152                1.52             1.66579           -0.792153
                 153                1.53             1.65787           -0.791288
                 154                1.54             1.64995           -0.790425
                 155                1.55             1.64205           -0.789564
                 156                1.56             1.63415           -0.788705
                 157                1.57             1.62627           -0.787848
                 158                1.58             1.61839           -0.786994
                 159                1.59             1.61052           -0.786141
                 160                 1.6             1.60266           -0.785291
                 161                1.61              1.5948           -0.784442
                 162                1.62             1.58696           -0.783596
                 163                1.63             1.57912           -0.782751
                 164                1.64             1.57129           -0.781908
                 165                1.65             1.56348           -0.781067
                 166                1.66             1.55567           -0.780228
                 167                1.67             1.54786           -0.779391
                 168                1.68             1.54007           -0.778555
                 169                1.69             1.53228           -0.777721
                 170                 1.7             1.52451           -0.776889
                 171                1.71             1.51674           -0.776058
                 172                1.72             1.50898           -0.775229
                 173                1.73             1.50122           -0.774402
                 174                1.74             1.49348           -0.773576
                 175                1.75             1.48574           -0.772751
                 176                1.76             1.47802           -0.771928
                 177                1.77              1.4703           -0.771107
                 178                1.78             1.46259           -0.770287
                 179                1.79             1.45488           -0.769469
                 180                 1.8             1.44719           -0.768651
                 181                1.81              1.4395           -0.767836
                 182                1.82             1.43182           -0.767021
                 183                1.83             1.42415           -0.766208
                 184                1.84             1.41649           -0.765396
                 185                1.85             1.40884           -0.764586
                 186                1.86             1.40119           -0.763776
                 187                1.87             1.39355           -0.762968
                 188                1.88             1.38592           -0.762161
                 189                1.89              1.3783           -0.761355
                 190                 1.9             1.37069           -0.760551
                 191                1.91             1.36308           -0.759747
                 192                1.92             1.35549           -0.758945
                 193                1.93              1.3479           -0.758144
                 194                1.94             1.34032           -0.757343
                 195                1.95             1.33274           -0.756544
                 196                1.96             1.32518           -0.755746
                 197                1.97             1.31762           -0.754949
                 198                1.98             1.31007           -0.754153
                 199                1.99             1.30253           -0.753357
                 200                   2             1.29499           -0.752563
                 201                2.01             1.28747            -0.75177
                 202                2.02             1.27995           -0.750978
                 203                2.03             1.27244           -0.750186
                 204                2.04             1.26494           -0.749395
                 205                2.05             1.25745           -0.748606
                 206                2.06             1.24996           -0.747817
                 207                2.07             1.24248           -0.747029
                 208                2.08             1.23501           -0.746241
                 209                2.09             1.22755           -0.745455
                 210                 2.1             1.22009           -0.744669
                 211                2.11             1.21265           -0.743884
                 212                2.12             1.20521             -0.7431
                 213                2.13             1.19778           -0.742317
                 214                2.14             1.19035           -0.741534
                 215                2.15             1.18294           -0.740752
                 216                2.16             1.17553           -0.739971
                 217                2.17             1.16813            -0.73919
                 218                2.18             1.16074           -0.738411
                 219                2.19             1.15336           -0.737631
                 220                 2.2             1.14598           -0.736853
                 221                2.21             1.13861           -0.736075
                 222                2.22             1.13125           -0.735298
                 223                2.23              1.1239           -0.734521
                 224                2.24             1.11655           -0.733745
                 225                2.25             1.10921           -0.732969
                 226                2.26             1.10189           -0.732194
                 227                2.27             1.09456            -0.73142
                 228                2.28             1.08725           -0.730646
                 229                2.29             1.07994           -0.729873
                 230                 2.3             1.07264           -0.729101
                 231                2.31             1.06535           -0.728329
                 232                2.32             1.05807           -0.727557
                 233                2.33             1.05079           -0.726786
                 234                2.34             1.04353           -0.726015
                 235                2.35             1.03627           -0.725245
                 236                2.36             1.02901           -0.724476
                 237                2.37             1.02177           -0.723707
                 238                2.38             1.01453           -0.722938
                 239                2.39              1.0073            -0.72217
                 240                 2.4             1.00008           -0.721403
                 241                2.41            0.992867           -0.720635
                 242                2.42             0.98566           -0.719869
                 243                2.43            0.978462           -0.719103
                 244                2.44            0.971271           -0.718337
                 245                2.45            0.964087           -0.717571
                 246                2.46            0.956911           -0.716806
                 247                2.47            0.949743           -0.716042
                 248                2.48            0.942583           -0.715278
                 249                2.49             0.93543           -0.714514
                 250                 2.5            0.928285           -0.713751
                 251                2.51            0.921148           -0.712988
                 252                2.52            0.914018           -0.712226
                 253                2.53            0.906895           -0.711463
                 254                2.54            0.899781           -0.710702
                 255                2.55            0.892674            -0.70994
                 256                2.56            0.885574            -0.70918
                 257                2.57            0.878483           -0.708419
                 258                2.58            0.871398           -0.707659
                 259                2.59            0.864322           -0.706899
                 260                 2.6            0.857253            -0.70614
                 261                2.61            0.850191           -0.705381
                 262                2.62            0.843138           -0.704622
                 263                2.63            0.836091           -0.703864
                 264                2.64            0.829053           -0.703106
                 265                2.65            0.822022           -0.702348
                 266                2.66            0.814998           -0.701591
                 267                2.67            0.807982           -0.700834
                 268                2.68            0.800974           -0.700077
                 269                2.69            0.793973           -0.699321
                 270                 2.7             0.78698           -0.698565
                 271                2.71            0.779994            -0.69781
                 272                2.72            0.773016           -0.697054
                 273                2.73            0.766046           -0.696299
                 274                2.74            0.759083           -0.695545
                 275                2.75            0.752127           -0.694791
                 276                2.76            0.745179           -0.694037
                 277                2.77            0.738239           -0.693283
                 278                2.78            0.731306            -0.69253
                 279                2.79            0.724381           -0.691778
                 280                 2.8            0.717463           -0.691025
                 281                2.81            0.710553           -0.690273
                 282                2.82             0.70365           -0.689521
                 283                2.83            0.696755            -0.68877
                 284                2.84            0.689867           -0.688018
                 285                2.85            0.682987           -0.687268
                 286                2.86            0.676114           -0.686517
                 287                2.87            0.669249           -0.685767
                 288                2.88            0.662391           -0.685017
                 289                2.89            0.655541           -0.684268
                 290                 2.9            0.648699           -0.683519
                 291                2.91            0.641863            -0.68277
                 292                2.92            0.635036           -0.682022
                 293                2.93            0.628215           -0.681274
                 294                2.94            0.621403           -0.680526
                 295                2.95            0.614598           -0.679779
                 296                2.96              0.6078           -0.679032
                 297                2.97            0.601009           -0.678285
                 298                2.98            0.594227           -0.677539
                 299                2.99            0.587451           -0.676793
                 300                   3            0.580683           -0.676047
                 301                3.01            0.573923           -0.675302
                 302                3.02             0.56717           -0.674557
                 303                3.03            0.560424           -0.673812
                 304                3.04            0.553686           -0.673068
                 305                3.05            0.546955           -0.672325
                 306                3.06            0.540232           -0.671581
                 307                3.07            0.533516           -0.670838
                 308                3.08            0.526808           -0.670095
                 309                3.09            0.520107           -0.669353
                 310                 3.1            0.513413           -0.668611
                 311                3.11            0.506727            -0.66787
                 312                3.12            0.500049           -0.667129
                 313                3.13            0.493377           -0.666388
                 314                3.14            0.486713           -0.665648
                 315                3.15            0.480057           -0.664908
                 316                3.16            0.473408           -0.664168
                 317                3.17            0.466766           -0.663429
                 318                3.18            0.460132           -0.662691
                 319                3.19            0.453505           -0.661952
                 320                 3.2            0.446886           -0.661215
                 321                3.21            0.440273           -0.660477
                 322                3.22            0.433669            -0.65974
                 323                3.23            0.427071           -0.659004
                 324                3.24            0.420481           -0.658268
                 325                3.25            0.413898           -0.657532
                 326                3.26            0.407323           -0.656797
                 327                3.27            0.400755           -0.656062
                 328                3.28            0.394195           -0.655328
                 329                3.29            0.387641           -0.654594
                 330                 3.3            0.381095            -0.65386
                 331                3.31            0.374557           -0.653127
                 332                3.32            0.368025           -0.652395
                 333                3.33            0.361502           -0.651663
                 334                3.34            0.354985           -0.650932
                 335                3.35            0.348476           -0.650201
                 336                3.36            0.341974            -0.64947
                 337                3.37            0.335479            -0.64874
                 338                3.38            0.328991            -0.64801
                 339                3.39            0.322511           -0.647281
                 340                 3.4            0.316039           -0.646553
                 341                3.41            0.309573           -0.645825
                 342                3.42            0.303115           -0.645097
                 343                3.43            0.296664           -0.644371
                 344                3.44             0.29022           -0.643644
                 345                3.45            0.283784           -0.642918
                 346                3.46            0.277354           -0.642193
                 347                3.47            0.270933           -0.641468
                 348                3.48            0.264518           -0.640744
                 349                3.49             0.25811            -0.64002
                 350                 3.5             0.25171           -0.639297
                 351                3.51            0.245317           -0.638575
                 352                3.52            0.238931           -0.637853
                 353                3.53            0.232553           -0.637131
                 354                3.54            0.226182           -0.636411
                 355                3.55            0.219818            -0.63569
                 356                3.56            0.213461           -0.634971
                 357                3.57            0.207111           -0.634252
                 358                3.58            0.200768           -0.633534
                 359                3.59            0.194433           -0.632816
                 360                 3.6            0.188105           -0.632099
                 361                3.61            0.181784           -0.631382
                 362                3.62             0.17547           -0.630666
                 363                3.63            0.169163           -0.629951
                 364                3.64            0.162864           -0.629237
                 365                3.65            0.156572           -0.628523
                 366                3.66            0.150286           -0.627809
                 367                3.67            0.144008           -0.627097
                 368                3.68            0.137737           -0.626385
                 369                3.69            0.131473           -0.625674
                 370                 3.7            0.125217           -0.624963
                 371                3.71            0.118967           -0.624253
                 372                3.72            0.112725           -0.623544
                 373                3.73            0.106489           -0.622836
                 374                3.74            0.100261           -0.622128
                 375                3.75           0.0940394           -0.621421
                 376                3.76           0.0878252           -0.620715
                 377                3.77           0.0816181           -0.620009
                 378                3.78            0.075418           -0.619304
                 379                3.79            0.069225             -0.6186
                 380                 3.8           0.0630389           -0.617897
                 381                3.81             0.05686           -0.617194
                 382                3.82            0.050688           -0.616492
                 383                3.83           0.0445231           -0.615791
                 384                3.84           0.0383652           -0.615091
                 385                3.85           0.0322143           -0.614392
                 386                3.86           0.0260704           -0.613693
                 387                3.87           0.0199334           -0.612995
                 388                3.88           0.0138035           -0.612298
                 389                3.89          0.00768051           -0.611602
                 390                 3.9           0.0015645           -0.610906
                 391                3.91         -0.00454456           -0.610211
                 392                3.92          -0.0106467           -0.609518
                 393                3.93          -0.0167419           -0.608825
                 394                3.94          -0.0228301           -0.608132
                 395                3.95          -0.0289114           -0.607441
                 396                3.96          -0.0349858           -0.606751
                 397                3.97          -0.0410533           -0.606061
                 398                3.98          -0.0471139           -0.605372
                 399                3.99          -0.0531677           -0.604684
                 400                   4          -0.0592145           -0.603997
                 401                4.01          -0.0652545           -0.603311
                 402                4.02          -0.0712876           -0.602626
                 403                4.03          -0.0773139           -0.601942
                 404                4.04          -0.0833333           -0.601258
                 405                4.05          -0.0893459           -0.600576
                 406                4.06          -0.0953516           -0.599894
                 407                4.07           -0.101351           -0.599214
                 408                4.08           -0.107343           -0.598534
                 409                4.09           -0.113328           -0.597855
                 410                 4.1           -0.119307           -0.597177
                 411                4.11           -0.125278             -0.5965
                 412                4.12           -0.131243           -0.595824
                 413                4.13           -0.137202            -0.59515
                 414                4.14           -0.143153           -0.594476
                 415                4.15           -0.149098           -0.593803
                 416                4.16           -0.155036           -0.593131
                 417                4.17           -0.160967           -0.592459
                 418                4.18           -0.166892           -0.591789
                 419                4.19            -0.17281            -0.59112
                 420                 4.2           -0.178721           -0.590452
                 421                4.21           -0.184625           -0.589785
                 422                4.22           -0.190523           -0.589119
                 423                4.23           -0.196414           -0.588455
                 424                4.24           -0.202299           -0.587791
                 425                4.25           -0.208177           -0.587128
                 426                4.26           -0.214048           -0.586466
                 427                4.27           -0.219913           -0.585805
                 428                4.28           -0.225771           -0.585146
                 429                4.29           -0.231622           -0.584487
                 430                 4.3           -0.237467           -0.583829
                 431                4.31           -0.243306           -0.583173
                 432                4.32           -0.249137           -0.582518
                 433                4.33           -0.254962           -0.581863
                 434                4.34           -0.260781            -0.58121
                 435                4.35           -0.266593           -0.580558
                 436                4.36           -0.272399           -0.579907
                 437                4.37           -0.278198           -0.579257
                 438                4.38            -0.28399           -0.578609
                 439                4.39           -0.289776           -0.577961
                 440                 4.4           -0.295556           -0.577315
                 441                4.41           -0.301329           -0.576669
                 442                4.42           -0.307096           -0.576025
                 443                4.43           -0.312856           -0.575382
                 444                4.44            -0.31861            -0.57474
                 445                4.45           -0.324357             -0.5741
                 446                4.46           -0.330098            -0.57346
                 447                4.47           -0.335833           -0.572822
                 448                4.48           -0.341561           -0.572185
                 449                4.49           -0.347283           -0.571549
                 450                 4.5           -0.352999           -0.570914
                 451                4.51           -0.358708           -0.570281
                 452                4.52            -0.36441           -0.569648
                 453                4.53           -0.370107           -0.569017
                 454                4.54           -0.375797           -0.568387
                 455                4.55           -0.381481           -0.567759
                 456                4.56           -0.387159           -0.567131
                 457                4.57            -0.39283           -0.566505
                 458                4.58           -0.398495            -0.56588
                 459                4.59           -0.404154           -0.565257
                 460                 4.6           -0.409806           -0.564634
                 461                4.61           -0.415453           -0.564013
                 462                4.62           -0.421093           -0.563393
                 463                4.63           -0.426727           -0.562775
                 464                4.64           -0.432354           -0.562157
                 465                4.65           -0.437976           -0.561541
                 466                4.66           -0.443591           -0.560927
                 467                4.67           -0.449201           -0.560313
                 468                4.68           -0.454804           -0.559701
                 469                4.69           -0.460401            -0.55909
                 470                 4.7           -0.465992           -0.558481
                 471                4.71           -0.471577           -0.557873
                 472                4.72           -0.477155           -0.557266
                 473                4.73           -0.482728            -0.55666
                 474                4.74           -0.488295           -0.556056
                 475                4.75           -0.493855           -0.555453
                 476                4.76            -0.49941           -0.554852
                 477                4.77           -0.504958           -0.554251
                 478                4.78           -0.510501           -0.553653
                 479                4.79           -0.516037           -0.553055
                 480                 4.8           -0.521568           -0.552459
                 481                4.81           -0.527092           -0.551864
                 482                4.82           -0.532611           -0.551271
                 483                4.83           -0.538124           -0.550679
                 484                4.84           -0.543631           -0.550089
                 485                4.85           -0.549131           -0.549499
                 486                4.86           -0.554626           -0.548912
                 487                4.87           -0.560116           -0.548325
                 488                4.88           -0.565599            -0.54774
                 489                4.89           -0.571076           -0.547157
                 490                 4.9           -0.576548           -0.546575
                 491                4.91           -0.582013           -0.545994
                 492                4.92           -0.587473           -0.545415
                 493                4.93           -0.592928           -0.544837
                 494                4.94           -0.598376            -0.54426
                 495                4.95           -0.603819           -0.543686
                 496                4.96           -0.609255           -0.543112
                 497                4.97           -0.614687            -0.54254
                 498                4.98           -0.620112           -0.541969
                 499                4.99           -0.625532             -0.5414
                 500                   5           -0.630946           -0.540832
                 501                5.01           -0.636354           -0.540266
                 502                5.02           -0.641757           -0.539701
                 503                5.03           -0.647154           -0.539138
                 504                5.04           -0.652545           -0.538576
                 505                5.05           -0.657931           -0.538016
                 506                5.06           -0.663311           -0.537457
                 507                5.07           -0.668685             -0.5369
                 508                5.08           -0.674054           -0.536344
                 509                5.09           -0.679418            -0.53579
                 510                 5.1           -0.684776           -0.535237
                 511                5.11           -0.690128           -0.534686
                 512                5.12           -0.695475           -0.534136
                 513                5.13           -0.700816           -0.533587
                 514                5.14           -0.706152           -0.533041
                 515                5.15           -0.711483           -0.532495
                 516                5.16           -0.716808           -0.531952
                 517                5.17           -0.722127            -0.53141
                 518                5.18           -0.727441           -0.530869
                 519                5.19            -0.73275            -0.53033
                 520                 5.2           -0.738053           -0.529792
                 521                5.21           -0.743351           -0.529256
                 522                5.22           -0.748644           -0.528722
                 523                5.23           -0.753931           -0.528189
                 524                5.24           -0.759213           -0.527658
                 525                5.25           -0.764489           -0.527128
                 526                5.26           -0.769761             -0.5266
                 527                5.27           -0.775027           -0.526073
                 528                5.28           -0.780287           -0.525548
                 529                5.29           -0.785543           -0.525025
                 530                 5.3           -0.790793           -0.524503
                 531                5.31           -0.796038           -0.523982
                 532                5.32           -0.801278           -0.523464
                 533                5.33           -0.806513           -0.522947
                 534                5.34           -0.811742           -0.522431
                 535                5.35           -0.816966           -0.521917
                 536                5.36           -0.822186           -0.521405
                 537                5.37             -0.8274           -0.520894
                 538                5.38           -0.832609           -0.520385
                 539                5.39           -0.837812           -0.519878
                 540                 5.4           -0.843011           -0.519372
                 541                5.41           -0.848205           -0.518867
                 542                5.42           -0.853394           -0.518365
                 543                5.43           -0.858577           -0.517864
                 544                5.44           -0.863756           -0.517364
                 545                5.45            -0.86893           -0.516867
                 546                5.46           -0.874098            -0.51637
                 547                5.47           -0.879262           -0.515876
                 548                5.48           -0.884421           -0.515383
                 549                5.49           -0.889574           -0.514892
                 550                 5.5           -0.894723           -0.514402
                 551                5.51           -0.899867           -0.513914
                 552                5.52           -0.905007           -0.513428
                 553                5.53           -0.910141           -0.512944
                 554                5.54            -0.91527           -0.512461
                 555                5.55           -0.920395           -0.511979
                 556                5.56           -0.925515             -0.5115
                 557                5.57            -0.93063           -0.511022
                 558                5.58            -0.93574           -0.510545
                 559                5.59           -0.940845           -0.510071
                 560                 5.6           -0.945946           -0.509598
                 561                5.61           -0.951042           -0.509126
                 562                5.62           -0.956133           -0.508657
                 563                5.63            -0.96122           -0.508189
                 564                5.64           -0.966302           -0.507723
                 565                5.65           -0.971379           -0.507258
                 566                5.66           -0.976452           -0.506795
                 567                5.67            -0.98152           -0.506334
                 568                5.68           -0.986583           -0.505874
                 569                5.69           -0.991642           -0.505417
                 570                 5.7           -0.996696            -0.50496
                 571                5.71            -1.00175           -0.504506
                 572                5.72            -1.00679           -0.504053
                 573                5.73            -1.01183           -0.503602
                 574                5.74            -1.01687           -0.503153
                 575                5.75             -1.0219           -0.502705
                 576                5.76            -1.02693           -0.502259
                 577                5.77            -1.03195           -0.501815
                 578                5.78            -1.03697           -0.501372
                 579                5.79            -1.04198           -0.500932
                 580                 5.8            -1.04699           -0.500492
                 581                5.81            -1.05199           -0.500055
                 582                5.82            -1.05699           -0.499619
                 583                5.83            -1.06199           -0.499185
                 584                5.84            -1.06698           -0.498753
                 585                5.85            -1.07197           -0.498323
                 586                5.86            -1.07695           -0.497894
                 587                5.87            -1.08193           -0.497467
                 588                5.88            -1.08691           -0.497042
                 589                5.89            -1.09188           -0.496618
                 590                 5.9            -1.09684           -0.496196
                 591                5.91            -1.10181           -0.495776
                 592                5.92            -1.10676           -0.495357
                 593                5.93            -1.11172           -0.494941
                 594                5.94            -1.11667           -0.494526
                 595                5.95            -1.12161           -0.494113
                 596                5.96            -1.12655           -0.493701
                 597                5.97            -1.13149           -0.493291
                 598                5.98            -1.13642           -0.492883
                 599                5.99            -1.14135           -0.492477
                 600                   6            -1.14628           -0.492072
                 601                6.01             -1.1512            -0.49167
                 602                6.02            -1.15611           -0.491269
                 603                6.03            -1.16103           -0.490869
                 604                6.04            -1.16594           -0.490472
                 605                6.05            -1.17084           -0.490076
                 606                6.06            -1.17574           -0.489682
                 607                6.07            -1.18064            -0.48929
                 608                6.08            -1.18553           -0.488899
                 609                6.09            -1.19042            -0.48851
                 610                 6.1             -1.1953           -0.488123
                 611                6.11            -1.20019           -0.487738
                 612                6.12            -1.20506           -0.487354
                 613                6.13            -1.20994           -0.486973
                 614                6.14            -1.21481           -0.486593
                 615                6.15            -1.21967           -0.486214
                 616                6.16            -1.22453           -0.485838
                 617                6.17            -1.22939           -0.485463
                 618                6.18            -1.23425            -0.48509
                 619                6.19             -1.2391           -0.484719
                 620                 6.2            -1.24395           -0.484349
                 621                6.21            -1.24879           -0.483982
                 622                6.22            -1.25363           -0.483616
                 623                6.23            -1.25847           -0.483252
                 624                6.24             -1.2633           -0.482889
                 625                6.25            -1.26813           -0.482529
                 626                6.26            -1.27295            -0.48217
                 627                6.27            -1.27777           -0.481813
                 628                6.28            -1.28259           -0.481457
                 629                6.29            -1.28741           -0.481104
                 630                 6.3            -1.29222           -0.480752
                 631                6.31            -1.29702           -0.480402
                 632                6.32            -1.30183           -0.480053
                 633                6.33            -1.30663           -0.479707
                 634                6.34            -1.31143           -0.479362
                 635                6.35            -1.31622           -0.479019
                 636                6.36            -1.32101           -0.478678
                 637                6.37             -1.3258           -0.478338
                 638                6.38            -1.33058           -0.478001
                 639                6.39            -1.33536           -0.477665
                 640                 6.4            -1.34014           -0.477331
                 641                6.41            -1.34491           -0.476998
                 642                6.42            -1.34968           -0.476668
                 643                6.43            -1.35445           -0.476339
                 644                6.44            -1.35921           -0.476012
                 645                6.45            -1.36397           -0.475687
                 646                6.46            -1.36873           -0.475363
                 647                6.47            -1.37348           -0.475041
                 648                6.48            -1.37823           -0.474721
                 649                6.49            -1.38298           -0.474403
                 650                 6.5            -1.38772           -0.474087
                 651                6.51            -1.39246           -0.473772
                 652                6.52             -1.3972           -0.473459
                 653                6.53            -1.40194           -0.473148
                 654                6.54            -1.40667           -0.472839
                 655                6.55             -1.4114           -0.472531
                 656                6.56            -1.41612           -0.472225
                 657                6.57            -1.42084           -0.471921
                 658                6.58            -1.42556           -0.471619
                 659                6.59            -1.43028           -0.471318
                 660                 6.6            -1.43499            -0.47102
                 661                6.61             -1.4397           -0.470723
                 662                6.62            -1.44441           -0.470427
                 663                6.63            -1.44911           -0.470134
                 664                6.64            -1.45381           -0.469842
                 665                6.65            -1.45851           -0.469552
                 666                6.66            -1.46321           -0.469264
                 667                6.67             -1.4679           -0.468978
                 668                6.68            -1.47259           -0.468693
                 669                6.69            -1.47728            -0.46841
                 670                 6.7            -1.48196           -0.468129
                 671                6.71            -1.48664            -0.46785
                 672                6.72            -1.49132           -0.467572
                 673                6.73              -1.496           -0.467297
                 674                6.74            -1.50067           -0.467023
                 675                6.75            -1.50534            -0.46675
                 676                6.76            -1.51001            -0.46648
                 677                6.77            -1.51467           -0.466211
                 678                6.78            -1.51934           -0.465944
                 679                6.79            -1.52399           -0.465679
                 680                 6.8            -1.52865           -0.465416
                 681                6.81            -1.53331           -0.465154
                 682                6.82            -1.53796           -0.464894
                 683                6.83            -1.54261           -0.464636
                 684                6.84            -1.54725            -0.46438
                 685                6.85             -1.5519           -0.464125
                 686                6.86            -1.55654           -0.463872
                 687                6.87            -1.56118           -0.463621
                 688                6.88            -1.56581           -0.463372
                 689                6.89            -1.57045           -0.463124
                 690                 6.9            -1.57508           -0.462878
                 691                6.91            -1.57971           -0.462634
                 692                6.92            -1.58433           -0.462392
                 693                6.93            -1.58896           -0.462151
                 694                6.94            -1.59358           -0.461912
                 695                6.95             -1.5982           -0.461675
                 696                6.96            -1.60281            -0.46144
                 697                6.97            -1.60743           -0.461206
                 698                6.98            -1.61204           -0.460974
                 699                6.99            -1.61665           -0.460744
                 700                   7            -1.62126           -0.460516
                 701                7.01            -1.62586           -0.460289
                 702                7.02            -1.63047           -0.460064
                 703                7.03            -1.63507           -0.459841
                 704                7.04            -1.63966            -0.45962
                 705                7.05            -1.64426             -0.4594
                 706                7.06            -1.64885           -0.459182
                 707                7.07            -1.65345           -0.458966
                 708                7.08            -1.65804           -0.458752
                 709                7.09            -1.66262           -0.458539
                 710                 7.1            -1.66721           -0.458328
                 711                7.11            -1.67179           -0.458119
                 712                7.12            -1.67637           -0.457911
                 713                7.13            -1.68095           -0.457706
                 714                7.14            -1.68553           -0.457502
                 715                7.15             -1.6901           -0.457299
                 716                7.16            -1.69468           -0.457099
                 717                7.17            -1.69925             -0.4569
                 718                7.18            -1.70382           -0.456703
                 719                7.19            -1.70838           -0.456508
                 720                 7.2            -1.71295           -0.456314
                 721                7.21            -1.71751           -0.456122
                 722                7.22            -1.72207           -0.455932
                 723                7.23            -1.72663           -0.455743
                 724                7.24            -1.73119           -0.455557
                 725                7.25            -1.73575           -0.455372
                 726                7.26             -1.7403           -0.455188
                 727                7.27            -1.74485           -0.455007
                 728                7.28             -1.7494           -0.454827
                 729                7.29            -1.75395           -0.454649
                 730                 7.3             -1.7585           -0.454472
                 731                7.31            -1.76304           -0.454297
                 732                7.32            -1.76758           -0.454124
                 733                7.33            -1.77213           -0.453953
                 734                7.34            -1.77667           -0.453784
                 735                7.35             -1.7812           -0.453616
                 736                7.36            -1.78574           -0.453449
                 737                7.37            -1.79027           -0.453285
                 738                7.38            -1.79481           -0.453122
                 739                7.39            -1.79934           -0.452961
                 740                 7.4            -1.80387           -0.452802
                 741                7.41             -1.8084           -0.452644
                 742                7.42            -1.81292           -0.452488
                 743                7.43            -1.81745           -0.452334
                 744                7.44            -1.82197           -0.452181
                 745                7.45            -1.82649            -0.45203
                 746                7.46            -1.83101           -0.451881
                 747                7.47            -1.83553           -0.451734
                 748                7.48            -1.84005           -0.451588
                 749                7.49            -1.84456           -0.451444
                 750                 7.5            -1.84908           -0.451301
                 751                7.51            -1.85359            -0.45116
                 752                7.52             -1.8581           -0.451021
                 753                7.53            -1.86261           -0.450884
                 754                7.54            -1.86712           -0.450748
                 755                7.55            -1.87163           -0.450614
                 756                7.56            -1.87614           -0.450482
                 757                7.57            -1.88064           -0.450351
                 758                7.58            -1.88514           -0.450222
                 759                7.59            -1.88965           -0.450095
                 760                 7.6            -1.89415           -0.449969
                 761                7.61            -1.89865           -0.449845
                 762                7.62            -1.90315           -0.449722
                 763                7.63            -1.90764           -0.449602
                 764                7.64            -1.91214           -0.449483
                 765                7.65            -1.91663           -0.449365
                 766                7.66            -1.92113            -0.44925
                 767                7.67            -1.92562           -0.449136
                 768                7.68            -1.93011           -0.449023
                 769                7.69             -1.9346           -0.448913
                 770                 7.7            -1.93909           -0.448803
                 771                7.71            -1.94358           -0.448696
                 772                7.72            -1.94807            -0.44859
                 773                7.73            -1.95255           -0.448486
                 774                7.74            -1.95704           -0.448384
                 775                7.75            -1.96152           -0.448283
                 776                7.76              -1.966           -0.448184
                 777                7.77            -1.97049           -0.448086
                 778                7.78            -1.97497            -0.44799
                 779                7.79            -1.97945           -0.447896
                 780                 7.8            -1.98392           -0.447803
                 781                7.81             -1.9884           -0.447712
                 782                7.82            -1.99288           -0.447623
                 783                7.83            -1.99736           -0.447535
                 784                7.84            -2.00183           -0.447449
                 785                7.85            -2.00631           -0.447365
                 786                7.86            -2.01078           -0.447282
                 787                7.87            -2.01525             -0.4472
                 788                7.88            -2.01972           -0.447121
                 789                7.89             -2.0242           -0.447043
                 790                 7.9            -2.02867           -0.446966
                 791                7.91            -2.03314           -0.446892
                 792                7.92             -2.0376           -0.446818
                 793                7.93            -2.04207           -0.446747
                 794                7.94            -2.04654           -0.446677
                 795                7.95            -2.05101           -0.446609
                 796                7.96            -2.05547           -0.446542
                 797                7.97            -2.05994           -0.446477
                 798                7.98             -2.0644           -0.446413
                 799                7.99            -2.06887           -0.446351
                 800                   8            -2.07333           -0.446291
                 801                8.01            -2.07779           -0.446232
                 802                8.02            -2.08226           -0.446175
                 803                8.03            -2.08672            -0.44612
                 804                8.04            -2.09118           -0.446066
                 805                8.05            -2.09564           -0.446013
                 806                8.06             -2.1001           -0.445963
                 807                8.07            -2.10456           -0.445913
                 808                8.08            -2.10902           -0.445866
                 809                8.09            -2.11348            -0.44582
                 810                 8.1            -2.11794           -0.445775
                 811                8.11            -2.12239           -0.445732
                 812                8.12            -2.12685           -0.445691
                 813                8.13            -2.13131           -0.445651
                 814                8.14            -2.13576           -0.445613
                 815                8.15            -2.14022           -0.445577
                 816                8.16            -2.14468           -0.445542
                 817                8.17            -2.14913           -0.445508
                 818                8.18            -2.15359           -0.445476
                 819                8.19            -2.15804           -0.445446
                 820                 8.2             -2.1625           -0.445417
                 821                8.21            -2.16695            -0.44539
                 822                8.22             -2.1714           -0.445364
                 823                8.23            -2.17586            -0.44534
                 824                8.24            -2.18031           -0.445318
                 825                8.25            -2.18476           -0.445296
                 826                8.26            -2.18922           -0.445277
                 827                8.27            -2.19367           -0.445259
                 828                8.28            -2.19812           -0.445243
                 829                8.29            -2.20257           -0.445228
                 830                 8.3            -2.20703           -0.445214
                 831                8.31            -2.21148           -0.445203
                 832                8.32            -2.21593           -0.445192
                 833                8.33            -2.22038           -0.445184
                 834                8.34            -2.22484           -0.445176
                 835                8.35            -2.22929           -0.445171
                 836                8.36            -2.23374           -0.445166
                 837                8.37            -2.23819           -0.445164
                 838                8.38            -2.24264           -0.445163
                 839                8.39            -2.24709           -0.445163
                 840                 8.4            -2.25155           -0.445165
                 841                8.41              -2.256           -0.445168
                 842                8.42            -2.26045           -0.445173
                 843                8.43             -2.2649           -0.445179
                 844                8.44            -2.26935           -0.445187
                 845                8.45             -2.2738           -0.445197
                 846                8.46            -2.27826           -0.445208
                 847                8.47            -2.28271            -0.44522
                 848                8.48            -2.28716           -0.445234
                 849                8.49            -2.29161           -0.445249
                 850                 8.5            -2.29606           -0.445266
                 851                8.51            -2.30052           -0.445285
                 852                8.52            -2.30497           -0.445304
                 853                8.53            -2.30942           -0.445326
                 854                8.54            -2.31388           -0.445348
                 855                8.55            -2.31833           -0.445373
                 856                8.56            -2.32278           -0.445398
                 857                8.57            -2.32724           -0.445426
                 858                8.58            -2.33169           -0.445454
                 859                8.59            -2.33615           -0.445484
                 860                 8.6             -2.3406           -0.445516
                 861                8.61            -2.34506           -0.445549
                 862                8.62            -2.34951           -0.445584
                 863                8.63            -2.35397            -0.44562
                 864                8.64            -2.35842           -0.445657
                 865                8.65            -2.36288           -0.445696
                 866                8.66            -2.36734           -0.445736
                 867                8.67             -2.3718           -0.445778
                 868                8.68            -2.37625           -0.445821
                 869                8.69            -2.38071           -0.445866
                 870                 8.7            -2.38517           -0.445912
                 871                8.71            -2.38963           -0.445959
                 872                8.72            -2.39409           -0.446008
                 873                8.73            -2.39855           -0.446059
                 874                8.74            -2.40301           -0.446111
                 875                8.75            -2.40747           -0.446164
                 876                8.76            -2.41193           -0.446218
                 877                8.77            -2.41639           -0.446275
                 878                8.78            -2.42086           -0.446332
                 879                8.79            -2.42532           -0.446391
                 880                 8.8            -2.42978           -0.446451
                 881                8.81            -2.43425           -0.446513
                 882                8.82            -2.43871           -0.446576
                 883                8.83            -2.44318           -0.446641
                 884                8.84            -2.44765           -0.446707
                 885                8.85            -2.45211           -0.446774
                 886                8.86            -2.45658           -0.446843
                 887                8.87            -2.46105           -0.446913
                 888                8.88            -2.46552           -0.446984
                 889                8.89            -2.46999           -0.447057
                 890                 8.9            -2.47446           -0.447131
                 891                8.91            -2.47893           -0.447207
                 892                8.92             -2.4834           -0.447284
                 893                8.93            -2.48787           -0.447362
                 894                8.94            -2.49235           -0.447442
                 895                8.95            -2.49682           -0.447523
                 896                8.96             -2.5013           -0.447606
                 897                8.97            -2.50577            -0.44769
                 898                8.98            -2.51025           -0.447775
                 899                8.99            -2.51473           -0.447862
                 900                   9            -2.51921            -0.44795
                 901                9.01            -2.52369           -0.448039
                 902                9.02            -2.52817            -0.44813
                 903                9.03            -2.53265           -0.448221
                 904                9.04            -2.53713           -0.448315
                 905                9.05            -2.54161            -0.44841
                 906                9.06             -2.5461           -0.448506
                 907                9.07            -2.55058           -0.448603
                 908                9.08            -2.55507           -0.448702
                 909                9.09            -2.55956           -0.448802
                 910                 9.1            -2.56404           -0.448903
                 911                9.11            -2.56853           -0.449006
                 912                9.12            -2.57302           -0.449109
                 913                9.13            -2.57751           -0.449215
                 914                9.14            -2.58201           -0.449321
                 915                9.15             -2.5865           -0.449429
                 916                9.16            -2.59099           -0.449539
                 917                9.17            -2.59549           -0.449649
                 918                9.18            -2.59999           -0.449761
                 919                9.19            -2.60448           -0.449874
                 920                 9.2            -2.60898           -0.449988
                 921                9.21            -2.61348           -0.450104
                 922                9.22            -2.61798           -0.450221
                 923                9.23            -2.62249           -0.450339
                 924                9.24            -2.62699           -0.450459
                 925                9.25            -2.63149            -0.45058
                 926                9.26              -2.636           -0.450702
                 927                9.27            -2.64051           -0.450825
                 928                9.28            -2.64501            -0.45095
                 929                9.29            -2.64952           -0.451076
                 930                 9.3            -2.65403           -0.451203
                 931                9.31            -2.65855           -0.451332
                 932                9.32            -2.66306           -0.451461
                 933                9.33            -2.66757           -0.451592
                 934                9.34            -2.67209           -0.451724
                 935                9.35            -2.67661           -0.451858
                 936                9.36            -2.68113           -0.451993
                 937                9.37            -2.68565           -0.452129
                 938                9.38            -2.69017           -0.452266
                 939                9.39            -2.69469           -0.452404
                 940                 9.4            -2.69921           -0.452544
                 941                9.41            -2.70374           -0.452685
                 942                9.42            -2.70827           -0.452827
                 943                9.43            -2.71279            -0.45297
                 944                9.44            -2.71732           -0.453115
                 945                9.45            -2.72186            -0.45326
                 946                9.46            -2.72639           -0.453407
                 947                9.47            -2.73092           -0.453555
                 948                9.48            -2.73546           -0.453705
                 949                9.49            -2.73999           -0.453855
                 950                 9.5            -2.74453           -0.454007
                 951                9.51            -2.74907            -0.45416
                 952                9.52            -2.75362           -0.454314
                 953                9.53            -2.75816            -0.45447
                 954                9.54             -2.7627           -0.454626
                 955                9.55            -2.76725           -0.454784
                 956                9.56             -2.7718           -0.454943
                 957                9.57            -2.77635           -0.455103
                 958                9.58             -2.7809           -0.455264
                 959                9.59            -2.78545           -0.455426
                 960                 9.6               -2.79            -0.45559
                 961                9.61            -2.79456           -0.455755
                 962                9.62            -2.79912           -0.455921
                 963                9.63            -2.80368           -0.456088
                 964                9.64            -2.80824           -0.456256
                 965                9.65             -2.8128           -0.456425
                 966                9.66            -2.81736           -0.456596
                 967                9.67            -2.82193           -0.456767
                 968                9.68             -2.8265            -0.45694
                 969                9.69            -2.83107           -0.457114
                 970                 9.7            -2.83564           -0.457289
                 971                9.71            -2.84021           -0.457465
                 972                9.72            -2.84479           -0.457642
                 973                9.73            -2.84936           -0.457821
                 974                9.74            -2.85394              -0.458
                 975                9.75            -2.85852           -0.458181
                 976                9.76             -2.8631           -0.458362
                 977                9.77            -2.86769           -0.458545
                 978                9.78            -2.87227           -0.458729
                 979                9.79            -2.87686           -0.458914
                 980                 9.8            -2.88145             -0.4591
                 981                9.81            -2.88604           -0.459287
                 982                9.82            -2.89063           -0.459475
                 983                9.83            -2.89523           -0.459665
                 984                9.84            -2.89982           -0.459855
                 985                9.85            -2.90442           -0.460047
                 986                9.86            -2.90902           -0.460239
                 987                9.87            -2.91363           -0.460433
                 988                9.88            -2.91823           -0.460627
                 989                9.89            -2.92284           -0.460823
                 990                 9.9            -2.92744            -0.46102
                 991                9.91            -2.93205           -0.461218
                 992                9.92            -2.93667           -0.461417
                 993                9.93            -2.94128           -0.461616
                 994                9.94             -2.9459           -0.461817
                 995                9.95            -2.95051           -0.462019
                 996                9.96            -2.95514           -0.462222
                 997                9.97            -2.95976           -0.462426
                 998                9.98            -2.96438           -0.462632
                 999                9.99            -2.96901           -0.462838
                1000                  10            -2.97364           -0.463045
                1001               10.01            -2.97827           -0.463253
                1002               10.02             -2.9829           -0.463462
                1003               10.03            -2.98753           -0.463672
                1004               10.04            -2.99217           -0.463883
                1005               10.05            -2.99681           -0.464095
                1006               10.06            -3.00145           -0.464308
                1007               10.07            -3.00609           -0.464523
                1008               10.08            -3.01074           -0.464738
                1009               10.09            -3.01539           -0.464954
                1010                10.1            -3.02004           -0.465171
                1011               10.11            -3.02469           -0.465389
                1012               10.12            -3.02934           -0.465608
                1013               10.13              -3.034           -0.465828
                1014               10.14            -3.03866           -0.466049
                1015               10.15            -3.04332            -0.46627
                1016               10.16            -3.04798           -0.466493
                1017               10.17            -3.05264           -0.466717
                1018               10.18            -3.05731           -0.466942
                1019               10.19            -3.06198           -0.467167
                1020                10.2            -3.06665           -0.467394
                1021               10.21            -3.07133           -0.467621
                1022               10.22              -3.076            -0.46785
                1023               10.23            -3.08068           -0.468079
                1024               10.24            -3.08536           -0.468309
                1025               10.25            -3.09004           -0.468541
                1026               10.26            -3.09473           -0.468773
                1027               10.27            -3.09942           -0.469006
                1028               10.28            -3.10411            -0.46924
                1029               10.29             -3.1088           -0.469474
                1030                10.3            -3.11349            -0.46971
                1031               10.31            -3.11819           -0.469947
                1032               10.32            -3.12289           -0.470184
                1033               10.33            -3.12759           -0.470423
                1034               10.34             -3.1323           -0.470662
                1035               10.35              -3.137           -0.470902
                1036               10.36            -3.14171           -0.471143
                1037               10.37            -3.14642           -0.471385
                1038               10.38            -3.15114           -0.471628
                1039               10.39            -3.15585           -0.471871
                1040                10.4            -3.16057           -0.472116
                1041               10.41            -3.16529           -0.472361
                1042               10.42            -3.17002           -0.472607
                1043               10.43            -3.17474           -0.472854
                1044               10.44            -3.17947           -0.473102
                1045               10.45             -3.1842            -0.47335
                1046               10.46            -3.18894             -0.4736
                1047               10.47            -3.19367            -0.47385
                1048               10.48            -3.19841           -0.474101
                1049               10.49            -3.20315           -0.474353
                1050                10.5             -3.2079           -0.474606
                1051               10.51            -3.21264            -0.47486
                1052               10.52            -3.21739           -0.475114
                1053               10.53            -3.22214           -0.475369
                1054               10.54             -3.2269           -0.475625
                1055               10.55            -3.23165           -0.475882
                1056               10.56            -3.23641           -0.476139
                1057               10.57            -3.24117           -0.476397
                1058               10.58            -3.24594           -0.476657
                1059               10.59             -3.2507           -0.476916
                1060                10.6            -3.25547           -0.477177
                1061               10.61            -3.26024           -0.477438
                1062               10.62            -3.26502           -0.477701
                1063               10.63             -3.2698           -0.477963
                1064               10.64            -3.27457           -0.478227
                1065               10.65            -3.27936           -0.478491
                1066               10.66            -3.28414           -0.478757
                1067               10.67            -3.28893           -0.479022
                1068               10.68            -3.29372           -0.479289
                1069               10.69            -3.29851           -0.479556
                1070                10.7            -3.30331           -0.479825
                1071               10.71            -3.30811           -0.480093
                1072               10.72            -3.31291           -0.480363
                1073               10.73            -3.31771           -0.480633
                1074               10.74            -3.32252           -0.480904
                1075               10.75            -3.32733           -0.481176
                1076               10.76            -3.33214           -0.481448
# Sphere and interface collide
