            IntervalRadial            Vertical          Radial_vel        Vertical_vel
                   0                   0            -1.65004
                   1            0.153276            -1.64712
                   2             0.30633            -1.63839
                   3            0.458952            -1.62395
                   4            0.610952              -1.604
                   5            0.762168            -1.57879
                   6            0.912477            -1.54863
                   7              1.0618            -1.51393
                   8             1.21011            -1.47514
                   9             1.35744            -1.43275
                  10             1.50386            -1.38733
                  11              1.6495            -1.33947
                  12             1.79454             -1.2898
                  13             1.93917            -1.23896
                  14              2.0836            -1.18757
                  15             2.22805            -1.13623
                  16             2.37272            -1.08552
                  17             2.51779            -1.03593
                  18             2.66337           -0.987888
                  19             2.80955           -0.941724
                  20              2.9564           -0.897688
                  21             3.10391           -0.855937
                  22             3.25206           -0.816553
                  23             3.40083           -0.779548
                  24             3.55017           -0.744885
                  25             3.70001           -0.712484
                  26              3.8503           -0.682239
                  27             4.00098            -0.65403
                  28             4.15201           -0.627723
                  29             4.30334           -0.603188
                  30             4.45492           -0.580291
                  31             4.60673           -0.558908
                  32             4.75872           -0.538917
                  33             4.91088           -0.520208
                  34             5.06318           -0.502677
                  35              5.2156           -0.486228
                  36             5.36812           -0.470774
                  37             5.52073           -0.456235
                  38             5.67342           -0.442539
                  39             5.82618           -0.429618
                  40               5.979           -0.417413
                  41             6.13187            -0.40587
                  42             6.28478           -0.394937
                  43             6.43773           -0.384571
                  44             6.59072           -0.374729
                  45             6.74374           -0.365374
                  46             6.89678           -0.356473
                  47             7.04985           -0.347993
                  48             7.20294           -0.339907
                  49             7.35605           -0.332187
                  50             7.50917           -0.324811
                  51             7.66232           -0.317756
                  52             7.81547           -0.311002
                  53             7.96864            -0.30453
                  54             8.12182           -0.298323
                  55               8.275           -0.292366
                  56              8.4282           -0.286644
                  57              8.5814           -0.281143
                  58             8.73462           -0.275851
                  59             8.88783           -0.270757
                  60             9.04106           -0.265849
                  61             9.19429           -0.261118
                  62             9.34753           -0.256554
                  63             9.50077           -0.252149
                  64             9.65401           -0.247895
                  65             9.80726           -0.243783
                  66             9.96051           -0.239808
                  67             10.1138           -0.235962
                  68              10.267            -0.23224
                  69             10.4203           -0.228634
                  70             10.5735           -0.225141
                  71             10.7268           -0.221755
                  72             10.8801           -0.218472
                  73             11.0334           -0.215286
                  74             11.1866           -0.212193
                  75             11.3399            -0.20919
                  76             11.4932           -0.206272
                  77             11.6465           -0.203437
                  78             11.7997            -0.20068
                  79              11.953           -0.197999
                  80             12.1063           -0.195391
                  81             12.2596           -0.192853
                  82             12.4129           -0.190381
                  83             12.5661           -0.187974
                  84             12.7194            -0.18563
                  85             12.8727           -0.183345
                  86              13.026           -0.181118
                  87             13.1793           -0.178947
                  88             13.3326           -0.176829
                  89             13.4859           -0.174763
                  90             13.6392           -0.172748
                  91             13.7924           -0.170781
                  92             13.9457           -0.168861
                  93              14.099           -0.166986
                  94             14.2523           -0.165157
                  95             14.4056           -0.163371
                  96             14.5589           -0.161627
                  97             14.7122           -0.159926
                  98             14.8655           -0.158268
                  99             15.0188           -0.156655
