            IntervalRadial            Vertical          Radial_vel        Vertical_vel
                   0                   0           -0.383821
                   1            0.151663           -0.383025
                   2             0.30331           -0.380656
                   3            0.454925           -0.376766
                   4            0.606497           -0.371444
                   5            0.758017           -0.364805
                   6            0.909481           -0.356991
                   7             1.06089           -0.348161
                   8             1.21225           -0.338488
                   9             1.36356           -0.328151
                  10             1.51484           -0.317326
                  11             1.66609           -0.306182
                  12             1.81734           -0.294879
                  13             1.96858           -0.283556
                  14             2.11983           -0.272336
                  15             2.27109           -0.261323
                  16             2.42238           -0.250598
                  17             2.57369           -0.240226
                  18             2.72503           -0.230253
                  19             2.87639            -0.22071
                  20             3.02778           -0.211614
                  21              3.1792           -0.202972
                  22             3.33065           -0.194784
                  23             3.48211            -0.18704
                  24              3.6336           -0.179727
                  25             3.78511           -0.172829
                  26             3.93664           -0.166327
                  27             4.08818           -0.160201
                  28             4.23973            -0.15443
                  29              4.3913           -0.148992
                  30             4.54288           -0.143867
                  31             4.69447           -0.139035
                  32             4.84606           -0.134477
                  33             4.99767           -0.130174
                  34             5.14928            -0.12611
                  35              5.3009           -0.122268
                  36             5.45252           -0.118633
                  37             5.60414           -0.115191
                  38             5.75577           -0.111929
                  39             5.90741           -0.108834
                  40             6.05904           -0.105895
                  41             6.21068           -0.103103
                  42             6.36233           -0.100447
                  43             6.51397          -0.0979179
                  44             6.66562          -0.0955081
                  45             6.81726          -0.0932098
                  46             6.96891          -0.0910159
                  47             7.12056          -0.0889198
                  48             7.27222          -0.0869156
                  49             7.42387          -0.0849977
                  50             7.57552          -0.0831608
                  51             7.72718          -0.0814002
                  52             7.87884          -0.0797114
                  53             8.03049          -0.0780902
                  54             8.18215           -0.076533
                  55             8.33381           -0.075036
                  56             8.48547          -0.0735959
                  57             8.63712          -0.0722097
                  58             8.78878          -0.0708745
                  59             8.94044          -0.0695876
                  60              9.0921          -0.0683464
                  61             9.24376          -0.0671487
                  62             9.39543          -0.0659922
                  63             9.54709          -0.0648749
                  64             9.69875          -0.0637949
                  65             9.85041          -0.0627503
                  66             10.0021          -0.0617396
                  67             10.1537          -0.0607609
                  68             10.3054           -0.059813
                  69             10.4571          -0.0588944
                  70             10.6087          -0.0580037
                  71             10.7604          -0.0571398
                  72              10.912          -0.0563014
                  73             11.0637          -0.0554875
                  74             11.2154           -0.054697
                  75              11.367          -0.0539289
                  76             11.5187          -0.0531823
                  77             11.6704          -0.0524563
                  78              11.822          -0.0517501
                  79             11.9737          -0.0510628
                  80             12.1254          -0.0503938
                  81              12.277          -0.0497423
                  82             12.4287          -0.0491077
                  83             12.5803          -0.0484893
                  84              12.732          -0.0478865
                  85             12.8837          -0.0472987
                  86             13.0353          -0.0467254
                  87              13.187          -0.0461661
                  88             13.3387          -0.0456202
                  89             13.4903          -0.0450874
                  90              13.642           -0.044567
                  91             13.7937          -0.0440588
                  92             13.9453          -0.0435623
                  93              14.097          -0.0430771
                  94             14.2487           -0.042603
                  95             14.4003          -0.0421394
                  96              14.552          -0.0416862
                  97             14.7036           -0.041243
                  98             14.8553          -0.0408097
                  99              15.007          -0.0403862
