            IntervalRadial            Vertical          Radial_vel        Vertical_vel
                   0                   0             -2.4271
                   1            0.166217            -2.41586
                   2            0.329343            -2.38204
                   3            0.486508            -2.32678
                   4            0.634919             -2.2511
                   5            0.771944            -2.15634
                   6            0.895043            -2.04409
                   7             1.00178            -1.91618
                   8             1.09026            -1.77502
                   9             1.15989            -1.62367
                  10              1.2117            -1.46534
                  11             1.24802            -1.30275
                  12             1.27201            -1.13789
                  13             1.28785           -0.972048
                  14               1.302           -0.806054
                  15             1.32517           -0.641078
                  16             1.37207           -0.481215
                  17             1.45683           -0.337795
                  18             1.57832           -0.223803
                  19             1.72357           -0.142227
                  20             1.88096          -0.0876069
                  21             2.04384          -0.0526148
                  22             2.20904          -0.0310628
                  23             2.37515          -0.0183538
                  24             2.54159          -0.0111673
                  25             2.70814         -0.00711491
                  26             2.87471         -0.00455179
                  27              3.0413         -0.00248533
                  28             3.20788        -0.000471047
                  29             3.37446          0.00152993
                  30             3.54105          0.00328362
                  31             3.70764           0.0044483
                  32             3.87424          0.00480961
                  33             4.04083           0.0044377
                  34             4.20743          0.00362561
                  35             4.37402           0.0026931
                  36             4.54062          0.00184972
                  37             4.70721          0.00118205
                  38             4.87381         0.000701343
                  39              5.0404         0.000386154
                  40               5.207         0.000202996
                  41             5.37359         0.000114282
                  42             5.54019         8.29719e-05
                  43             5.70679         7.68041e-05
                  44             5.87338         7.18431e-05
                  45             6.03998         5.50761e-05
                  46             6.20657         2.51669e-05
                  47             6.37317        -1.03864e-05
                  48             6.53977        -4.14704e-05
                  49             6.70636        -6.13708e-05
                  50             6.87296         -6.8958e-05
                  51             7.03955        -6.70002e-05
                  52             7.20615        -5.93301e-05
                  53             7.37275        -4.91082e-05
                  54             7.53934        -3.84436e-05
                  55             7.70594        -2.86219e-05
                  56             7.87253        -2.03419e-05
                  57             8.03913        -1.38596e-05
                  58             8.20573        -9.07292e-06
                  59             8.37232        -5.62754e-06
                  60             8.53892        -3.03847e-06
                  61             8.70551          -8.602e-07
                  62             8.87211         1.18433e-06
                  63             9.03871         3.15885e-06
                  64              9.2053         4.98516e-06
                  65              9.3719         6.55044e-06
                  66             9.53849         7.76072e-06
                  67             9.70509         8.57184e-06
                  68             9.87169         9.05434e-06
                  69             10.0383         9.42047e-06
                  70             10.2049         9.84401e-06
                  71             10.3715         1.02056e-05
                  72             10.5381         1.03158e-05
                  73             10.7047         1.00904e-05
                  74             10.8713         9.76214e-06
                  75             11.0379         9.31734e-06
                  76             11.2045         8.97193e-06
                  77             11.3711         8.49966e-06
                  78             11.5376          8.1788e-06
                  79             11.7042         7.65555e-06
                  80             11.8708         7.35951e-06
                  81             12.0374          6.9324e-06
                  82              12.204         7.82297e-06
                  83             12.3706         1.11747e-05
                  84             12.5372         1.52526e-05
                  85             12.7038         1.56411e-05
                  86             12.8704         1.15031e-05
                  87              13.037         7.56764e-06
                  88             13.2036         4.64777e-06
                  89             13.3702         2.48881e-06
                  90             13.5368         1.18516e-06
                  91             13.7034         7.77367e-07
                  92               13.87         1.15168e-06
                  93             14.0366         2.66438e-06
                  94             14.2032         5.50421e-06
                  95             14.3698         9.01417e-06
                  96             14.5364         1.09495e-05
                  97              14.703         7.81173e-06
                  98             14.8696        -1.19807e-05
                  99             15.0362        -0.000143737
