            IntervalRadial            Vertical          Radial_vel        Vertical_vel
                   0                   0          -0.0858538
                   1            0.151672          -0.0856889
                   2            0.303344           -0.085186
                   3            0.455015          -0.0843972
                   4            0.606684          -0.0833833
                   5            0.758352          -0.0822041
                   6            0.910019          -0.0809263
                   7             1.06169          -0.0796081
                   8             1.21335          -0.0782719
                   9             1.36502          -0.0769347
                  10             1.51669          -0.0755873
                  11             1.66835          -0.0742075
                  12             1.82002          -0.0727771
                  13             1.97168          -0.0712853
                  14             2.12335          -0.0697225
                  15             2.27501          -0.0681096
                  16             2.42668          -0.0664662
                  17             2.57834          -0.0648281
                  18                2.73          -0.0632293
                  19             2.88167          -0.0617002
                  20             3.03333          -0.0602556
                  21               3.185          -0.0589033
                  22             3.33667          -0.0576312
                  23             3.48834          -0.0564195
                  24                3.64          -0.0552406
                  25             3.79167          -0.0540702
                  26             3.94334           -0.052891
                  27             4.09501          -0.0516993
                  28             4.24667          -0.0504985
                  29             4.39834          -0.0493057
                  30             4.55001          -0.0481388
                  31             4.70168          -0.0470191
                  32             4.85335          -0.0459599
                  33             5.00502          -0.0449698
                  34             5.15669          -0.0440447
                  35             5.30836          -0.0431753
                  36             5.46003          -0.0423444
                  37              5.6117          -0.0415341
                  38             5.76337          -0.0407254
                  39             5.91504           -0.039908
                  40             6.06671          -0.0390795
                  41             6.21838          -0.0382478
                  42             6.37005          -0.0374235
                  43             6.52172          -0.0366211
                  44             6.67339          -0.0358526
                  45             6.82506           -0.035127
                  46             6.97673           -0.034446
                  47              7.1284          -0.0338064
                  48             7.28008          -0.0331992
                  49             7.43175          -0.0326131
                  50             7.58342          -0.0320355
                  51             7.73509          -0.0314582
                  52             7.88676          -0.0308731
                  53             8.03843          -0.0302794
                  54              8.1901          -0.0296816
                  55             8.34178          -0.0290928
                  56             8.49345          -0.0285215
                  57             8.64512          -0.0279755
                  58             8.79679          -0.0274581
                  59             8.94846          -0.0269707
                  60             9.10013          -0.0265087
                  61             9.25181          -0.0260648
                  62             9.40348          -0.0256323
                  63             9.55515          -0.0252036
                  64             9.70682          -0.0247725
                  65             9.85849          -0.0243376
                  66             10.0102          -0.0238989
                  67             10.1618          -0.0234597
                  68             10.3135          -0.0230226
                  69             10.4652          -0.0226011
                  70             10.6169          -0.0221996
                  71             10.7685          -0.0218208
                  72             10.9202          -0.0214579
                  73             11.0719          -0.0211117
                  74             11.2235          -0.0207768
                  75             11.3752           -0.020446
                  76             11.5269           -0.020117
                  77             11.6786           -0.019787
                  78             11.8302           -0.019455
                  79             11.9819          -0.0191212
                  80             12.1336          -0.0187895
                  81             12.2852          -0.0184639
                  82             12.4369          -0.0181444
                  83             12.5886          -0.0178382
                  84             12.7403          -0.0175474
                  85             12.8919          -0.0172779
                  86             13.0436          -0.0170093
                  87             13.1953          -0.0167475
                  88              13.347          -0.0164901
                  89             13.4986          -0.0162313
                  90             13.6503          -0.0159731
                  91              13.802          -0.0157149
                  92             13.9536          -0.0154571
                  93             14.1053          -0.0152029
                  94              14.257          -0.0149523
                  95             14.4087          -0.0147069
                  96             14.5603          -0.0144734
                  97              14.712          -0.0142441
                  98             14.8637          -0.0140215
                  99             15.0153          -0.0138246
