            IntervalRadial            Vertical          Radial_vel        Vertical_vel
                   0                   0           -0.410403
                   1            0.152382           -0.411616
                   2            0.302311           -0.384357
                   3            0.452393           -0.357952
                   4            0.603513           -0.338339
                   5            0.754365           -0.316767
                   6            0.905715           -0.299015
                   7             1.05788            -0.30715
                   8             1.21007            -0.31506
                   9             1.36029           -0.340651
                  10             1.51009           -0.368601
                  11             1.66169           -0.384038
                  12             1.81366           -0.395385
                  13             1.96573           -0.405137
                  14             2.11717           -0.388175
                  15               2.269           -0.375128
                  16             2.41841            -0.34514
                  17             2.56866           -0.319735
                  18             2.72062           -0.308324
                  19             2.87299           -0.306277
                  20             3.02538           -0.305648
                  21              3.1764           -0.325981
                  22             3.32778           -0.343457
                  23             3.47828           -0.367407
                  24             3.62932           -0.387608
                  25             3.78164           -0.392097
                  26             3.93392           -0.386481
                  27             4.08617           -0.379936
                  28              4.2368           -0.356856
                  29              4.3883           -0.340444
                  30             4.53914            -0.31881
                  31             4.69099           -0.305996
                  32             4.84338           -0.306602
                  33             4.99515           -0.320249
                  34             5.14709           -0.331868
                  35              5.2979           -0.353751
                  36             5.44958           -0.368384
                  37             5.60135           -0.382093
                  38             5.75363           -0.387976
                  39             5.90586           -0.381147
                  40             6.05739           -0.365055
                  41             6.20915           -0.351187
                  42             6.36033           -0.332055
                  43              6.5124           -0.322234
                  44             6.66457           -0.314115
                  45             6.81695           -0.315306
                  46             6.96903            -0.32497
                  47             7.12018           -0.344353
                  48             7.27194           -0.358182
                  49             7.42359           -0.373205
                  50              7.5759           -0.377952
                  51             7.72828           -0.379438
                  52             7.88056           -0.373778
                  53             8.03246           -0.361667
                  54             8.18392           -0.344815
                  55             8.33588           -0.333462
                  56             8.48798           -0.324098
                  57             8.64037           -0.324212
                  58             8.79272            -0.32751
                  59             8.94482           -0.336747
                  60             9.09676           -0.348402
                  61             9.24835            -0.36406
                  62              9.4005           -0.372433
                  63              9.5528           -0.377742
                  64             9.70512           -0.373389
                  65             9.85738           -0.367135
                  66             10.0095           -0.357466
                  67             10.1615           -0.347512
                  68             10.3135           -0.336986
                  69             10.4659           -0.332959
                  70             10.6183           -0.332866
                  71             10.7705           -0.339501
                  72             10.9227            -0.34743
                  73             11.0748           -0.356897
                  74              11.227           -0.364582
                  75             11.3792           -0.372186
                  76             11.5315           -0.373648
                  77             11.6839           -0.372202
                  78             11.8361           -0.364668
                  79             11.9884           -0.357613
                  80             12.1406           -0.350609
                  81             12.2929           -0.346614
                  82             12.4453            -0.34367
                  83             12.5976           -0.345437
                  84               12.75           -0.349508
                  85             12.9022           -0.356478
                  86             13.0545           -0.362569
                  87             13.2068           -0.367709
                  88             13.3591           -0.370296
                  89             13.5115           -0.371741
                  90             13.6639           -0.370142
                  91             13.8163           -0.367548
                  92             13.9686             -0.3628
                  93             14.1209           -0.359381
                  94             14.2733           -0.357003
                  95             14.4257            -0.35729
                  96             14.5781           -0.358066
                  97             14.7304           -0.360598
                  98             14.8828           -0.363511
                  99             15.0351           -0.367006
