            IntervalRadial            Vertical          Radial_vel        Vertical_vel
                   0                   0          -0.0678846
                   1            0.151811          -0.0709501
                   2             0.30357          -0.0659313
                   3            0.455319          -0.0605971
                   4            0.607143           -0.058309
                   5            0.758916          -0.0537084
                   6            0.910713          -0.0500273
                   7             1.06253          -0.0527094
                   8             1.21437          -0.0521022
                   9             1.36618          -0.0555108
                  10             1.51794          -0.0605001
                  11             1.66977          -0.0620171
                  12              1.8216          -0.0638857
                  13             1.97343          -0.0659828
                  14              2.1252          -0.0613703
                  15             2.27704          -0.0601888
                  16             2.42881          -0.0555514
                  17             2.58058          -0.0508903
                  18             2.73241          -0.0486955
                  19             2.88425          -0.0478633
                  20             3.03609          -0.0469018
                  21             3.18788           -0.050679
                  22             3.33971          -0.0527523
                  23             3.49152          -0.0558584
                  24             3.64333          -0.0591441
                  25             3.79517          -0.0598346
                  26             3.94701          -0.0589894
                  27             4.09885          -0.0583095
                  28             4.25062          -0.0538673
                  29             4.40244          -0.0513298
                  30             4.55425          -0.0480125
                  31             4.70608          -0.0458735
                  32             4.85792          -0.0452891
                  33             5.00975          -0.0469447
                  34             5.16159          -0.0482194
                  35             5.31339          -0.0519034
                  36             5.46521          -0.0540875
                  37             5.61704          -0.0559457
                  38             5.76888          -0.0567698
                  39             5.92072          -0.0559404
                  40             6.07255          -0.0535835
                  41             6.22437          -0.0515513
                  42             6.37618          -0.0481382
                  43             6.52801          -0.0463062
                  44             6.67984          -0.0448841
                  45             6.83169          -0.0450401
                  46             6.98353          -0.0460234
                  47             7.13535          -0.0485921
                  48             7.28718          -0.0504169
                  49               7.439          -0.0529717
                  50             7.59084          -0.0539061
                  51             7.74268          -0.0541293
                  52             7.89452          -0.0531096
                  53             8.04635          -0.0513726
                  54             8.19817          -0.0488715
                  55                8.35          -0.0470878
                  56             8.50183          -0.0452847
                  57             8.65368          -0.0448853
                  58             8.80552          -0.0451176
                  59             8.95735          -0.0465156
                  60             9.10919          -0.0480696
                  61             9.26101          -0.0502261
                  62             9.41285          -0.0513667
                  63             9.56469          -0.0523901
                  64             9.71653          -0.0520128
                  65             9.86837          -0.0511414
                  66             10.0202          -0.0494724
                  67              10.172          -0.0478707
                  68             10.3239          -0.0462213
                  69             10.4757          -0.0454865
                  70             10.6276          -0.0451713
                  71             10.7794          -0.0458243
                  72             10.9312          -0.0468018
                  73             11.0831          -0.0482549
                  74             11.2349          -0.0494046
                  75             11.3867          -0.0505042
                  76             11.5386          -0.0506819
                  77             11.6904          -0.0505781
                  78             11.8423          -0.0496272
                  79             11.9941          -0.0485978
                  80             12.1459            -0.04732
                  81             12.2978           -0.046496
                  82             12.4496           -0.045916
                  83             12.6015          -0.0460725
                  84             12.7533          -0.0465125
                  85             12.9051          -0.0473568
                  86              13.057          -0.0481569
                  87             13.2088          -0.0489543
                  88             13.3607           -0.049385
                  89             13.5125          -0.0496135
                  90             13.6644          -0.0493399
                  91             13.8162           -0.048946
                  92              13.968          -0.0482648
                  93             14.1199          -0.0477201
                  94             14.2717          -0.0472025
                  95             14.4236          -0.0470562
                  96             14.5754          -0.0470534
                  97             14.7272          -0.0473848
                  98             14.8791          -0.0477577
                  99             15.0309          -0.0481805
