            IntervalRadial            Vertical          Radial_vel        Vertical_vel
                   0                   0            -6.83417
                   1            0.180632            -6.82417
                   2            0.359068            -6.79436
                   3            0.533196             -6.7453
                   4            0.701045            -6.67781
                   5            0.860821            -6.59296
                   6             1.01093            -6.49198
                   7             1.14998            -6.37626
                   8             1.27685            -6.24729
                   9             1.39067            -6.10667
                  10              1.4909            -5.95607
                  11             1.57738            -5.79717
                  12             1.65043            -5.63166
                  13             1.71085            -5.46114
                  14             1.76011            -5.28707
                  15             1.80036             -5.1107
                  16             1.83447            -4.93303
                  17              1.8659            -4.75488
                  18             1.89842            -4.57691
                  19              1.9356            -4.39987
                  20             1.98027            -4.22456
                  21              2.0342            -4.05188
                  22             2.09812            -3.88264
                  23             2.17199             -3.7175
                  24             2.25534            -3.55693
                  25             2.34754            -3.40128
                  26             2.44796             -3.2508
                  27             2.55599            -3.10569
                  28             2.67109            -2.96612
                  29             2.79276            -2.83224
                  30             2.92054            -2.70417
                  31             3.05397            -2.58201
                  32             3.19263            -2.46581
                  33             3.33607            -2.35557
                  34             3.48387            -2.25125
                  35             3.63561            -2.15275
                  36             3.79088            -2.05992
                  37             3.94931            -1.97257
                  38             4.11052            -1.89049
                  39              4.2742            -1.81342
                  40             4.44002             -1.7411
                  41             4.60773            -1.67326
                  42             4.77707            -1.60961
                  43             4.94783            -1.54988
                  44             5.11983            -1.49382
                  45             5.29291            -1.44115
                  46             5.46691            -1.39165
                  47             5.64172            -1.34507
                  48             5.81723            -1.30121
                  49             5.99336            -1.25987
                  50             6.17001            -1.22087
                  51             6.34713            -1.18403
                  52             6.52465             -1.1492
                  53             6.70253            -1.11623
                  54             6.88072            -1.08499
                  55             7.05919            -1.05536
                  56              7.2379            -1.02723
                  57             7.41682            -1.00049
                  58             7.59593           -0.975055
                  59             7.77521           -0.950832
                  60             7.95464           -0.927742
                  61              8.1342           -0.905714
                  62             8.31388           -0.884679
                  63             8.49367           -0.864575
                  64             8.67355           -0.845346
                  65             8.85352           -0.826938
                  66             9.03357           -0.809302
                  67             9.21369           -0.792393
                  68             9.39387            -0.77617
                  69              9.5741           -0.760593
                  70             9.75439           -0.745627
                  71             9.93473           -0.731239
                  72             10.1151           -0.717397
                  73             10.2955           -0.704072
                  74              10.476           -0.691238
                  75             10.6565            -0.67887
                  76              10.837           -0.666944
                  77             11.0175           -0.655439
                  78             11.1981           -0.644334
                  79             11.3787            -0.63361
                  80             11.5593            -0.62325
                  81             11.7399           -0.613237
                  82             11.9206           -0.603555
                  83             12.1012            -0.59419
                  84             12.2819           -0.585128
                  85             12.4626           -0.576357
                  86             12.6433           -0.567865
                  87              12.824            -0.55964
                  88             13.0048           -0.551673
                  89             13.1855           -0.543953
                  90             13.3663           -0.536472
                  91              13.547           -0.529223
                  92             13.7278           -0.522197
                  93             13.9086           -0.515389
                  94             14.0894           -0.508794
                  95             14.2702            -0.50241
                  96              14.451           -0.496236
                  97             14.6318           -0.490277
                  98             14.8126           -0.484544
                  99             14.9934            -0.47909
