            IntervalRadial            Vertical          Radial_vel        Vertical_vel
                   0                   0            -1.03151
                   1            0.154792             -1.0216
                   2            0.307076           -0.992128
                   3            0.454627           -0.944301
                   4            0.595634           -0.879678
                   5            0.728967           -0.800426
                   6            0.854319            -0.70907
                   7            0.972241           -0.608307
                   8             1.08442           -0.501187
                   9             1.19417            -0.39158
                  10             1.30665           -0.284772
                  11             1.42775           -0.187851
                  12             1.56139           -0.109127
                  13             1.70634          -0.0539093
                  14             1.85784          -0.0206488
                  15             2.01198         -0.00335073
                  16             2.16691          0.00416661
                  17               2.322          0.00641613
                  18             2.47711          0.00619582
                  19             2.63221          0.00506237
                  20             2.78732          0.00379591
                  21             2.94242          0.00273047
                  22             3.09753          0.00195952
                  23             3.25264          0.00145741
                  24             3.40775          0.00114996
                  25             3.56285         0.000953685
                  26             3.71796         0.000798107
                  27             3.87307         0.000641124
                  28             4.02818         0.000475106
                  29             4.18329         0.000316795
                  30              4.3384         0.000186983
                  31             4.49351         9.55169e-05
                  32             4.64862         3.96205e-05
                  33             4.80373         1.01698e-05
                  34             4.95884        -2.33553e-06
                  35             5.11394        -5.18744e-06
                  36             5.26905        -3.23269e-06
                  37             5.42416         5.72486e-07
                  38             5.57927          4.5619e-06
                  39             5.73438         7.90415e-06
                  40             5.88949         1.02941e-05
                  41              6.0446         1.17507e-05
                  42             6.19971         1.24749e-05
                  43             6.35482         1.27298e-05
                  44             6.50993         1.27403e-05
                  45             6.66503         1.26374e-05
                  46             6.82014         1.24622e-05
                  47             6.97525         1.22092e-05
                  48             7.13036         1.18692e-05
                  49             7.28547         1.14485e-05
                  50             7.44058         1.09668e-05
                  51             7.59569          1.0448e-05
                  52              7.7508          9.9137e-06
                  53             7.90591         9.38064e-06
                  54             8.06101         8.86084e-06
                  55             8.21612         8.36239e-06
                  56             8.37123         7.89033e-06
                  57             8.52634         7.44737e-06
                  58             8.68145         7.03441e-06
                  59             8.83656         6.65096e-06
                  60             8.99167         6.29573e-06
                  61             9.14678         5.96699e-06
                  62             9.30189         5.66306e-06
                  63               9.457         5.38203e-06
                  64              9.6121         5.12203e-06
                  65             9.76721         4.88084e-06
                  66             9.92232          4.6577e-06
                  67             10.0774         4.45243e-06
                  68             10.2325         4.26516e-06
                  69             10.3876         4.09318e-06
                  70             10.5428         3.93358e-06
                  71             10.6979         3.78445e-06
                  72              10.853         3.64618e-06
                  73             11.0081         3.51855e-06
                  74             11.1632         3.40104e-06
                  75             11.3183         3.29194e-06
                  76             11.4734         3.19125e-06
                  77             11.6285         3.09248e-06
                  78             11.7836         2.99967e-06
                  79             11.9387         2.88447e-06
                  80             12.0938         2.78325e-06
                  81              12.249         2.72063e-06
                  82             12.4041         2.85044e-06
                  83             12.5592         2.98909e-06
                  84             12.7143         3.03064e-06
                  85             12.8694         2.80888e-06
                  86             13.0245         2.62474e-06
                  87             13.1796         2.48965e-06
                  88             13.3347         2.37392e-06
                  89             13.4898         2.28991e-06
                  90             13.6449         2.24656e-06
                  91                13.8         2.27473e-06
                  92             13.9552         2.43521e-06
                  93             14.1103         2.86736e-06
                  94             14.2654         3.78117e-06
                  95             14.4205         5.40955e-06
                  96             14.5756         8.12477e-06
                  97             14.7307         1.16579e-05
                  98             14.8858         1.34235e-05
                  99             15.0409        -2.03295e-05
