            IntervalRadial            Vertical          Radial_vel        Vertical_vel
                   0                   0            -2.67123
                   1            0.162358            -2.66297
                   2            0.323031            -2.63821
                   3            0.480414            -2.59749
                   4            0.633032            -2.54148
                   5            0.779576             -2.4711
                   6            0.918938             -2.3874
                   7             1.05024            -2.29154
                   8             1.17286             -2.1848
                   9             1.28648            -2.06854
                  10             1.39117            -1.94416
                  11             1.48743            -1.81315
                  12             1.57628            -1.67701
                  13             1.65935            -1.53727
                  14             1.73889             -1.3955
                  15             1.81773            -1.25332
                  16             1.89907            -1.11256
                  17             1.98619           -0.975312
                  18             2.08191           -0.843912
                  19             2.18807           -0.720793
                  20             2.30524             -0.6081
                  21             2.43282           -0.507339
                  22             2.56941            -0.41918
                  23             2.71328           -0.343498
                  24             2.86274           -0.279543
                  25              3.0163           -0.226173
                  26             3.17277            -0.18206
                  27             3.33125           -0.145855
                  28             3.49111           -0.116289
                  29             3.65189          -0.0922291
                  30             3.81328          -0.0726965
                  31             3.97507          -0.0568673
                  32             4.13714           -0.044057
                  33             4.29938          -0.0337036
                  34             4.46173          -0.0253479
                  35             4.62416          -0.0186164
                  36             4.78664          -0.0132056
                  37             4.94915         -0.00886943
                  38             5.11168         -0.00540779
                  39             5.27422          -0.0026582
                  40             5.43678        -0.000488446
                  41             5.59934          0.00120915
                  42              5.7619          0.00252243
                  43             5.92446          0.00352314
                  44             6.08703          0.00426996
                  45              6.2496          0.00481094
                  46             6.41216          0.00518548
                  47             6.57473          0.00542592
                  48              6.7373          0.00555878
                  49             6.89987          0.00560586
                  50             7.06244          0.00558507
                  51             7.22501          0.00551111
                  52             7.38757          0.00539605
                  53             7.55014          0.00524976
                  54             7.71271          0.00508035
                  55             7.87528          0.00489441
                  56             8.03785          0.00469734
                  57             8.20041          0.00449348
                  58             8.36298          0.00428638
                  59             8.52555          0.00407885
                  60             8.68812          0.00387316
                  61             8.85069          0.00367107
                  62             9.01325          0.00347399
                  63             9.17582          0.00328297
                  64             9.33839          0.00309881
                  65             9.50096          0.00292209
                  66             9.66353           0.0027532
                  67             9.82609           0.0025924
                  68             9.98866          0.00243982
                  69             10.1512          0.00229549
                  70             10.3138          0.00215938
                  71             10.4764          0.00203136
                  72             10.6389          0.00191128
                  73             10.8015          0.00179893
                  74             10.9641          0.00169408
                  75             11.1266          0.00159646
                  76             11.2892          0.00150577
                  77             11.4518          0.00142168
                  78             11.6143          0.00134387
                  79             11.7769          0.00127194
                  80             11.9395          0.00120551
                  81              12.102          0.00114412
                  82             12.2646           0.0010873
                  83             12.4272           0.0010345
                  84             12.5898         0.000985065
                  85             12.7523         0.000938252
                  86             12.9149         0.000893227
                  87             13.0775         0.000848994
                  88               13.24         0.000804299
                  89             13.4026         0.000757569
                  90             13.5652         0.000706803
                  91             13.7277          0.00064938
                  92             13.8903         0.000581852
                  93             14.0529          0.00049941
                  94             14.2154         0.000395488
                  95              14.378         0.000259901
                  96             14.5406         7.79943e-05
                  97             14.7031        -0.000177841
                  98             14.8657        -0.000555448
                  99             15.0283         -0.00119873
