           iteration                time              height            velocity
                   0                   0                   3            -1.34193
                   1                0.01             2.98658             -1.3311
                   2                0.02             2.97327             -1.3206
                   3                0.03             2.96006            -1.31041
                   4                0.04             2.94696            -1.30054
                   5                0.05             2.93395            -1.29095
                   6                0.06             2.92104            -1.28166
                   7                0.07             2.90823            -1.27263
                   8                0.08              2.8955            -1.26388
                   9                0.09             2.88286            -1.25538
                  10                 0.1             2.87031            -1.24713
                  11                0.11             2.85784            -1.23911
                  12                0.12             2.84545            -1.23133
                  13                0.13             2.83313            -1.22377
                  14                0.14              2.8209            -1.21643
                  15                0.15             2.80873            -1.20929
                  16                0.16             2.79664            -1.20236
                  17                0.17             2.78461            -1.19561
                  18                0.18             2.77266            -1.18906
                  19                0.19             2.76077            -1.18268
                  20                 0.2             2.74894            -1.17648
                  21                0.21             2.73718            -1.17044
                  22                0.22             2.72547            -1.16457
                  23                0.23             2.71383            -1.15886
                  24                0.24             2.70224            -1.15329
                  25                0.25             2.69071            -1.14788
                  26                0.26             2.67923             -1.1426
                  27                0.27              2.6678            -1.13746
                  28                0.28             2.65643            -1.13245
                  29                0.29              2.6451            -1.12757
                  30                 0.3             2.63383            -1.12281
                  31                0.31              2.6226            -1.11817
                  32                0.32             2.61142            -1.11365
                  33                0.33             2.60028            -1.10923
                  34                0.34             2.58919            -1.10492
                  35                0.35             2.57814            -1.10072
                  36                0.36             2.56713            -1.09661
                  37                0.37             2.55616             -1.0926
                  38                0.38             2.54524            -1.08869
                  39                0.39             2.53435            -1.08486
                  40                 0.4              2.5235            -1.08113
                  41                0.41             2.51269            -1.07747
                  42                0.42             2.50192             -1.0739
                  43                0.43             2.49118            -1.07041
                  44                0.44             2.48047            -1.06699
                  45                0.45              2.4698            -1.06364
                  46                0.46             2.45917            -1.06037
                  47                0.47             2.44856            -1.05716
                  48                0.48             2.43799            -1.05403
                  49                0.49             2.42745            -1.05095
                  50                 0.5             2.41694            -1.04794
                  51                0.51             2.40646            -1.04499
                  52                0.52             2.39601            -1.04209
                  53                0.53             2.38559            -1.03925
                  54                0.54              2.3752            -1.03647
                  55                0.55             2.36483            -1.03374
                  56                0.56              2.3545            -1.03106
                  57                0.57             2.34419            -1.02843
                  58                0.58              2.3339            -1.02584
                  59                0.59             2.32364             -1.0233
                  60                 0.6             2.31341            -1.02081
                  61                0.61              2.3032            -1.01836
                  62                0.62             2.29302            -1.01595
                  63                0.63             2.28286            -1.01358
                  64                0.64             2.27272            -1.01125
                  65                0.65             2.26261            -1.00896
                  66                0.66             2.25252            -1.00671
                  67                0.67             2.24246            -1.00449
                  68                0.68             2.23241            -1.00231
                  69                0.69             2.22239            -1.00016
                  70                 0.7             2.21239           -0.998037
                  71                0.71             2.20241           -0.995949
                  72                0.72             2.19245           -0.993892
                  73                0.73             2.18251           -0.991865
                  74                0.74             2.17259           -0.989865
                  75                0.75             2.16269           -0.987894
                  76                0.76             2.15281           -0.985949
                  77                0.77             2.14295            -0.98403
                  78                0.78             2.13311           -0.982136
                  79                0.79             2.12329           -0.980266
                  80                 0.8             2.11349            -0.97842
                  81                0.81              2.1037           -0.976597
                  82                0.82             2.09394           -0.974797
                  83                0.83             2.08419           -0.973017
                  84                0.84             2.07446           -0.971259
                  85                0.85             2.06475           -0.969521
                  86                0.86             2.05505           -0.967803
                  87                0.87             2.04537           -0.966104
                  88                0.88             2.03571           -0.964423
                  89                0.89             2.02607           -0.962761
                  90                 0.9             2.01644           -0.961116
                  91                0.91             2.00683           -0.959488
                  92                0.92             1.99723           -0.957876
                  93                0.93             1.98765           -0.956281
                  94                0.94             1.97809           -0.954701
                  95                0.95             1.96855           -0.953136
                  96                0.96             1.95901           -0.951586
                  97                0.97              1.9495            -0.95005
                  98                0.98                1.94           -0.948529
                  99                0.99             1.93051            -0.94702
                 100                   1             1.92104           -0.945525
                 101                1.01             1.91159           -0.944042
                 102                1.02             1.90215           -0.942572
                 103                1.03             1.89272           -0.941114
                 104                1.04             1.88331           -0.939668
                 105                1.05             1.87391           -0.938233
                 106                1.06             1.86453           -0.936809
                 107                1.07             1.85516           -0.935397
                 108                1.08             1.84581           -0.933994
                 109                1.09             1.83647           -0.932602
                 110                 1.1             1.82714            -0.93122
                 111                1.11             1.81783           -0.929847
                 112                1.12             1.80853           -0.928484
                 113                1.13             1.79925           -0.927131
                 114                1.14             1.78998           -0.925786
                 115                1.15             1.78072            -0.92445
                 116                1.16             1.77147           -0.923122
                 117                1.17             1.76224           -0.921803
                 118                1.18             1.75302           -0.920492
                 119                1.19             1.74382           -0.919188
                 120                 1.2             1.73463           -0.917893
                 121                1.21             1.72545           -0.916605
                 122                1.22             1.71628           -0.915324
                 123                1.23             1.70713            -0.91405
                 124                1.24             1.69799           -0.912783
                 125                1.25             1.68886           -0.911524
                 126                1.26             1.67975            -0.91027
                 127                1.27             1.67064           -0.909023
                 128                1.28             1.66155           -0.907783
                 129                1.29             1.65247           -0.906548
                 130                 1.3             1.64341            -0.90532
                 131                1.31             1.63436           -0.904097
                 132                1.32             1.62531            -0.90288
                 133                1.33             1.61629           -0.901669
                 134                1.34             1.60727           -0.900463
                 135                1.35             1.59826           -0.899263
                 136                1.36             1.58927           -0.898067
                 137                1.37             1.58029           -0.896877
                 138                1.38             1.57132           -0.895692
                 139                1.39             1.56237           -0.894511
                 140                 1.4             1.55342           -0.893336
                 141                1.41             1.54449           -0.892165
                 142                1.42             1.53557           -0.890998
                 143                1.43             1.52666           -0.889836
                 144                1.44             1.51776           -0.888678
                 145                1.45             1.50887           -0.887524
                 146                1.46                 1.5           -0.886375
                 147                1.47             1.49113            -0.88523
                 148                1.48             1.48228           -0.884088
                 149                1.49             1.47344           -0.882951
                 150                 1.5             1.46461           -0.881817
                 151                1.51             1.45579           -0.880687
                 152                1.52             1.44698            -0.87956
                 153                1.53             1.43819           -0.878437
                 154                1.54              1.4294           -0.877318
                 155                1.55             1.42063           -0.876202
                 156                1.56             1.41187           -0.875089
                 157                1.57             1.40312            -0.87398
                 158                1.58             1.39438           -0.872873
                 159                1.59             1.38565            -0.87177
                 160                 1.6             1.37693            -0.87067
                 161                1.61             1.36822           -0.869573
                 162                1.62             1.35953           -0.868478
                 163                1.63             1.35084           -0.867387
                 164                1.64             1.34217           -0.866298
                 165                1.65             1.33351           -0.865213
                 166                1.66             1.32486           -0.864129
                 167                1.67             1.31621           -0.863049
                 168                1.68             1.30758           -0.861971
                 169                1.69             1.29896           -0.860895
                 170                 1.7             1.29035           -0.859823
                 171                1.71             1.28176           -0.858752
                 172                1.72             1.27317           -0.857684
                 173                1.73             1.26459           -0.856618
                 174                1.74             1.25603           -0.855554
                 175                1.75             1.24747           -0.854493
                 176                1.76             1.23893           -0.853434
                 177                1.77             1.23039           -0.852377
                 178                1.78             1.22187           -0.851322
                 179                1.79             1.21335           -0.850269
                 180                 1.8             1.20485           -0.849218
                 181                1.81             1.19636           -0.848169
                 182                1.82             1.18788           -0.847123
                 183                1.83             1.17941           -0.846078
                 184                1.84             1.17095           -0.845034
                 185                1.85              1.1625           -0.843993
                 186                1.86             1.15406           -0.842954
                 187                1.87             1.14563           -0.841916
                 188                1.88             1.13721            -0.84088
                 189                1.89              1.1288           -0.839845
                 190                 1.9              1.1204           -0.838813
                 191                1.91             1.11201           -0.837782
                 192                1.92             1.10363           -0.836752
                 193                1.93             1.09527           -0.835724
                 194                1.94             1.08691           -0.834698
                 195                1.95             1.07856           -0.833673
                 196                1.96             1.07023            -0.83265
                 197                1.97              1.0619           -0.831628
                 198                1.98             1.05358           -0.830607
                 199                1.99             1.04528           -0.829588
                 200                   2             1.03698            -0.82857
                 201                2.01             1.02869           -0.827554
                 202                2.02             1.02042           -0.826538
                 203                2.03             1.01215           -0.825525
                 204                2.04              1.0039           -0.824512
                 205                2.05            0.995653           -0.823501
                 206                2.06            0.987418           -0.822491
                 207                2.07            0.979193           -0.821482
                 208                2.08            0.970979           -0.820474
                 209                2.09            0.962774           -0.819468
                 210                 2.1            0.954579           -0.818462
                 211                2.11            0.946395           -0.817458
                 212                2.12             0.93822           -0.816455
                 213                2.13            0.930055           -0.815452
                 214                2.14            0.921901           -0.814451
                 215                2.15            0.913756           -0.813451
                 216                2.16            0.905622           -0.812452
                 217                2.17            0.897497           -0.811454
                 218                2.18            0.889383           -0.810457
                 219                2.19            0.881278           -0.809461
                 220                 2.2            0.873184           -0.808466
                 221                2.21            0.865099           -0.807472
                 222                2.22            0.857024           -0.806479
                 223                2.23            0.848959           -0.805487
                 224                2.24            0.840905           -0.804495
                 225                2.25             0.83286           -0.803505
                 226                2.26            0.824825           -0.802515
                 227                2.27            0.816799           -0.801527
                 228                2.28            0.808784           -0.800539
                 229                2.29            0.800779           -0.799552
                 230                 2.3            0.792783           -0.798565
                 231                2.31            0.784798            -0.79758
                 232                2.32            0.776822           -0.796595
                 233                2.33            0.768856           -0.795612
                 234                2.34              0.7609           -0.794629
                 235                2.35            0.752953           -0.793646
                 236                2.36            0.745017           -0.792665
                 237                2.37             0.73709           -0.791684
                 238                2.38            0.729173           -0.790704
                 239                2.39            0.721266           -0.789725
                 240                 2.4            0.713369           -0.788746
                 241                2.41            0.705482           -0.787769
                 242                2.42            0.697604           -0.786792
                 243                2.43            0.689736           -0.785815
                 244                2.44            0.681878            -0.78484
                 245                2.45             0.67403           -0.783865
                 246                2.46            0.666191            -0.78289
                 247                2.47            0.658362           -0.781917
                 248                2.48            0.650543           -0.780944
                 249                2.49            0.642733           -0.779972
                 250                 2.5            0.634934              -0.779
                 251                2.51            0.627144           -0.778029
                 252                2.52            0.619363           -0.777059
                 253                2.53            0.611593            -0.77609
                 254                2.54            0.603832           -0.775121
                 255                2.55            0.596081           -0.774153
                 256                2.56            0.588339           -0.773185
                 257                2.57            0.580607           -0.772218
                 258                2.58            0.572885           -0.771252
                 259                2.59            0.565173           -0.770286
                 260                 2.6             0.55747           -0.769321
                 261                2.61            0.549777           -0.768357
                 262                2.62            0.542093           -0.767394
                 263                2.63            0.534419           -0.766431
                 264                2.64            0.526755           -0.765468
                 265                2.65              0.5191           -0.764507
                 266                2.66            0.511455           -0.763546
                 267                2.67             0.50382           -0.762586
                 268                2.68            0.496194           -0.761626
                 269                2.69            0.488577           -0.760667
                 270                 2.7            0.480971           -0.759709
                 271                2.71            0.473374           -0.758751
                 272                2.72            0.465786           -0.757794
                 273                2.73            0.458208           -0.756838
                 274                2.74             0.45064           -0.755882
                 275                2.75            0.443081           -0.754927
                 276                2.76            0.435532           -0.753973
                 277                2.77            0.427992           -0.753019
                 278                2.78            0.420462           -0.752066
                 279                2.79            0.412941           -0.751114
                 280                 2.8             0.40543           -0.750163
                 281                2.81            0.397928           -0.749212
                 282                2.82            0.390436           -0.748262
                 283                2.83            0.382954           -0.747313
                 284                2.84             0.37548           -0.746364
                 285                2.85            0.368017           -0.745417
                 286                2.86            0.360563            -0.74447
                 287                2.87            0.353118           -0.743523
                 288                2.88            0.345683           -0.742578
                 289                2.89            0.338257           -0.741633
                 290                 2.9            0.330841           -0.740689
                 291                2.91            0.323434           -0.739746
                 292                2.92            0.316036           -0.738804
                 293                2.93            0.308648           -0.737862
                 294                2.94             0.30127           -0.736921
                 295                2.95              0.2939           -0.735981
                 296                2.96            0.286541           -0.735042
                 297                2.97             0.27919           -0.734104
                 298                2.98            0.271849           -0.733167
                 299                2.99            0.264517            -0.73223
                 300                   3            0.257195           -0.731295
                 301                3.01            0.249882            -0.73036
                 302                3.02            0.242579           -0.729426
                 303                3.03            0.235284           -0.728493
                 304                3.04            0.227999           -0.727561
                 305                3.05            0.220724           -0.726631
                 306                3.06            0.213458             -0.7257
                 307                3.07            0.206201           -0.724771
                 308                3.08            0.198953           -0.723843
                 309                3.09            0.191714           -0.722916
                 310                 3.1            0.184485            -0.72199
                 311                3.11            0.177265           -0.721065
                 312                3.12            0.170055           -0.720141
                 313                3.13            0.162853           -0.719218
                 314                3.14            0.155661           -0.718296
                 315                3.15            0.148478           -0.717376
                 316                3.16            0.141304           -0.716456
                 317                3.17             0.13414           -0.715538
                 318                3.18            0.126984            -0.71462
                 319                3.19            0.119838           -0.713704
                 320                 3.2            0.112701           -0.712789
                 321                3.21            0.105573           -0.711875
                 322                3.22           0.0984545           -0.710962
                 323                3.23           0.0913449           -0.710051
                 324                3.24           0.0842444            -0.70914
                 325                3.25            0.077153           -0.708231
                 326                3.26           0.0700707           -0.707324
                 327                3.27           0.0629974           -0.706417
                 328                3.28           0.0559333           -0.705512
                 329                3.29           0.0488781           -0.704608
                 330                 3.3           0.0418321           -0.703706
                 331                3.31            0.034795           -0.702805
                 332                3.32            0.027767           -0.701905
                 333                3.33           0.0207479           -0.701006
                 334                3.34           0.0137378            -0.70011
                 335                3.35          0.00673675           -0.699214
                 336                3.36        -0.000255387            -0.69832
                 337                3.37         -0.00723859           -0.697427
                 338                3.38          -0.0142129           -0.696536
                 339                3.39          -0.0211782           -0.695647
                 340                 3.4          -0.0281347           -0.694759
                 341                3.41          -0.0350823           -0.693872
                 342                3.42           -0.042021           -0.692987
                 343                3.43          -0.0489509           -0.692104
                 344                3.44          -0.0558719           -0.691222
                 345                3.45          -0.0627841           -0.690342
                 346                3.46          -0.0696876           -0.689464
                 347                3.47          -0.0765822           -0.688587
                 348                3.48          -0.0834681           -0.687712
                 349                3.49          -0.0903452           -0.686839
                 350                 3.5          -0.0972136           -0.685968
                 351                3.51           -0.104073           -0.685098
                 352                3.52           -0.110924            -0.68423
                 353                3.53           -0.117767           -0.683364
                 354                3.54             -0.1246             -0.6825
                 355                3.55           -0.131425           -0.681637
                 356                3.56           -0.138242           -0.680777
                 357                3.57           -0.145049           -0.679918
                 358                3.58           -0.151849           -0.679062
                 359                3.59           -0.158639           -0.678207
                 360                 3.6           -0.165421           -0.677354
                 361                3.61           -0.172195           -0.676503
                 362                3.62            -0.17896           -0.675655
                 363                3.63           -0.185716           -0.674808
                 364                3.64           -0.192464           -0.673963
                 365                3.65           -0.199204           -0.673121
                 366                3.66           -0.205935           -0.672281
                 367                3.67           -0.212658           -0.671442
                 368                3.68           -0.219372           -0.670606
                 369                3.69           -0.226079           -0.669772
                 370                 3.7           -0.232776           -0.668941
                 371                3.71           -0.239466           -0.668111
                 372                3.72           -0.246147           -0.667284
                 373                3.73            -0.25282           -0.666459
                 374                3.74           -0.259484           -0.665637
                 375                3.75           -0.266141           -0.664817
                 376                3.76           -0.272789           -0.663999
                 377                3.77           -0.279429           -0.663184
                 378                3.78           -0.286061           -0.662371
                 379                3.79           -0.292684            -0.66156
                 380                 3.8             -0.2993           -0.660752
                 381                3.81           -0.305907           -0.659946
                 382                3.82           -0.312507           -0.659143
                 383                3.83           -0.319098           -0.658343
                 384                3.84           -0.325682           -0.657545
                 385                3.85           -0.332257            -0.65675
                 386                3.86           -0.338825           -0.655957
                 387                3.87           -0.345384           -0.655167
                 388                3.88           -0.351936           -0.654379
                 389                3.89            -0.35848           -0.653595
                 390                 3.9           -0.365016           -0.652813
                 391                3.91           -0.371544           -0.652034
                 392                3.92           -0.378064           -0.651257
                 393                3.93           -0.384577           -0.650484
                 394                3.94           -0.391082           -0.649713
                 395                3.95           -0.397579           -0.648945
                 396                3.96           -0.404068            -0.64818
                 397                3.97            -0.41055           -0.647418
                 398                3.98           -0.417024           -0.646659
                 399                3.99           -0.423491           -0.645903
                 400                   4            -0.42995            -0.64515
                 401                4.01           -0.436401           -0.644399
                 402                4.02           -0.442845           -0.643652
                 403                4.03           -0.449282           -0.642908
                 404                4.04           -0.455711           -0.642167
                 405                4.05           -0.462132            -0.64143
                 406                4.06           -0.468547           -0.640695
                 407                4.07           -0.474954           -0.639964
                 408                4.08           -0.481353           -0.639235
                 409                4.09           -0.487746            -0.63851
                 410                 4.1           -0.494131           -0.637789
                 411                4.11           -0.500509            -0.63707
                 412                4.12           -0.506879           -0.636355
                 413                4.13           -0.513243           -0.635643
                 414                4.14           -0.519599           -0.634935
                 415                4.15           -0.525949            -0.63423
                 416                4.16           -0.532291           -0.633528
                 417                4.17           -0.538626            -0.63283
                 418                4.18           -0.544955           -0.632136
                 419                4.19           -0.551276           -0.631444
                 420                 4.2            -0.55759           -0.630757
                 421                4.21           -0.563898           -0.630073
                 422                4.22           -0.570199           -0.629392
                 423                4.23           -0.576493           -0.628716
                 424                4.24            -0.58278           -0.628042
                 425                4.25            -0.58906           -0.627373
                 426                4.26           -0.595334           -0.626707
                 427                4.27           -0.601601           -0.626045
                 428                4.28           -0.607861           -0.625387
                 429                4.29           -0.614115           -0.624732
                 430                 4.3           -0.620363           -0.624082
                 431                4.31           -0.626603           -0.623435
                 432                4.32           -0.632838           -0.622792
                 433                4.33           -0.639066           -0.622153
                 434                4.34           -0.645287           -0.621518
                 435                4.35           -0.651502           -0.620886
                 436                4.36           -0.657711           -0.620259
                 437                4.37           -0.663914           -0.619636
                 438                4.38            -0.67011           -0.619017
                 439                4.39             -0.6763           -0.618401
                 440                 4.4           -0.682484            -0.61779
                 441                4.41           -0.688662           -0.617183
                 442                4.42           -0.694834           -0.616581
                 443                4.43              -0.701           -0.615982
                 444                4.44            -0.70716           -0.615388
                 445                4.45           -0.713314           -0.614797
                 446                4.46           -0.719462           -0.614211
                 447                4.47           -0.725604            -0.61363
                 448                4.48            -0.73174           -0.613052
                 449                4.49           -0.737871           -0.612479
                 450                 4.5           -0.743995           -0.611911
                 451                4.51           -0.750114           -0.611346
                 452                4.52           -0.756228           -0.610786
                 453                4.53           -0.762336           -0.610231
                 454                4.54           -0.768438            -0.60968
                 455                4.55           -0.774535           -0.609134
                 456                4.56           -0.780626           -0.608592
                 457                4.57           -0.786712           -0.608054
                 458                4.58           -0.792793           -0.607522
                 459                4.59           -0.798868           -0.606993
                 460                 4.6           -0.804938            -0.60647
                 461                4.61           -0.811003           -0.605951
                 462                4.62           -0.817062           -0.605437
                 463                4.63           -0.823116           -0.604928
                 464                4.64           -0.829166           -0.604423
                 465                4.65            -0.83521           -0.603923
                 466                4.66           -0.841249           -0.603428
                 467                4.67           -0.847283           -0.602938
                 468                4.68           -0.853313           -0.602452
                 469                4.69           -0.859337           -0.601972
                 470                 4.7           -0.865357           -0.601496
                 471                4.71           -0.871372           -0.601026
                 472                4.72           -0.877382            -0.60056
                 473                4.73           -0.883388             -0.6001
                 474                4.74           -0.889389           -0.599644
                 475                4.75           -0.895385           -0.599194
                 476                4.76           -0.901377           -0.598748
                 477                4.77           -0.907365           -0.598308
                 478                4.78           -0.913348           -0.597873
                 479                4.79           -0.919327           -0.597443
                 480                 4.8           -0.925301           -0.597018
                 481                4.81           -0.931271           -0.596599
                 482                4.82           -0.937237           -0.596185
                 483                4.83           -0.943199           -0.595776
                 484                4.84           -0.949157           -0.595372
                 485                4.85           -0.955111           -0.594974
                 486                4.86            -0.96106           -0.594581
                 487                4.87           -0.967006           -0.594194
                 488                4.88           -0.972948           -0.593812
                 489                4.89           -0.978886           -0.593435
                 490                 4.9            -0.98482           -0.593064
                 491                4.91           -0.990751           -0.592699
                 492                4.92           -0.996678           -0.592339
                 493                4.93             -1.0026           -0.591985
                 494                4.94            -1.00852           -0.591636
                 495                4.95            -1.01444           -0.591293
                 496                4.96            -1.02035           -0.590956
                 497                4.97            -1.02626           -0.590624
                 498                4.98            -1.03217           -0.590298
                 499                4.99            -1.03807           -0.589978
                 500                   5            -1.04397           -0.589664
                 501                5.01            -1.04987           -0.589355
                 502                5.02            -1.05576           -0.589053
                 503                5.03            -1.06165           -0.588756
                 504                5.04            -1.06754           -0.588465
                 505                5.05            -1.07342           -0.588181
                 506                5.06             -1.0793           -0.587902
                 507                5.07            -1.08518           -0.587629
                 508                5.08            -1.09106           -0.587362
                 509                5.09            -1.09693           -0.587102
                 510                 5.1             -1.1028           -0.586847
                 511                5.11            -1.10867           -0.586599
                 512                5.12            -1.11454           -0.586357
                 513                5.13             -1.1204           -0.586121
                 514                5.14            -1.12626           -0.585892
                 515                5.15            -1.13212           -0.585668
                 516                5.16            -1.13798           -0.585451
                 517                5.17            -1.14383           -0.585241
                 518                5.18            -1.14969           -0.585037
                 519                5.19            -1.15554           -0.584839
                 520                 5.2            -1.16138           -0.584648
                 521                5.21            -1.16723           -0.584463
                 522                5.22            -1.17308           -0.584284
                 523                5.23            -1.17892           -0.584113
                 524                5.24            -1.18476           -0.583948
                 525                5.25             -1.1906           -0.583789
                 526                5.26            -1.19644           -0.583637
                 527                5.27            -1.20227           -0.583492
                 528                5.28            -1.20811           -0.583354
                 529                5.29            -1.21394           -0.583222
                 530                 5.3            -1.21977           -0.583098
                 531                5.31             -1.2256            -0.58298
                 532                5.32            -1.23143           -0.582869
                 533                5.33            -1.23726           -0.582765
                 534                5.34            -1.24309           -0.582668
                 535                5.35            -1.24892           -0.582578
                 536                5.36            -1.25474           -0.582495
                 537                5.37            -1.26057           -0.582419
                 538                5.38            -1.26639            -0.58235
                 539                5.39            -1.27222           -0.582289
                 540                 5.4            -1.27804           -0.582234
                 541                5.41            -1.28386           -0.582187
                 542                5.42            -1.28968           -0.582148
                 543                5.43             -1.2955           -0.582115
                 544                5.44            -1.30133            -0.58209
                 545                5.45            -1.30715           -0.582072
                 546                5.46            -1.31297           -0.582062
                 547                5.47            -1.31879           -0.582059
                 548                5.48            -1.32461           -0.582064
                 549                5.49            -1.33043           -0.582077
                 550                 5.5            -1.33625           -0.582097
                 551                5.51            -1.34207           -0.582125
                 552                5.52            -1.34789            -0.58216
                 553                5.53            -1.35371           -0.582203
                 554                5.54            -1.35954           -0.582254
                 555                5.55            -1.36536           -0.582313
                 556                5.56            -1.37118            -0.58238
                 557                5.57            -1.37701           -0.582455
                 558                5.58            -1.38283           -0.582538
                 559                5.59            -1.38866           -0.582629
                 560                 5.6            -1.39448           -0.582728
                 561                5.61            -1.40031           -0.582835
                 562                5.62            -1.40614            -0.58295
                 563                5.63            -1.41197           -0.583074
                 564                5.64             -1.4178           -0.583206
                 565                5.65            -1.42363           -0.583346
                 566                5.66            -1.42946           -0.583495
                 567                5.67             -1.4353           -0.583652
                 568                5.68            -1.44113           -0.583817
                 569                5.69            -1.44697           -0.583992
                 570                 5.7            -1.45281           -0.584175
                 571                5.71            -1.45865           -0.584366
                 572                5.72             -1.4645           -0.584566
                 573                5.73            -1.47034           -0.584775
                 574                5.74            -1.47619           -0.584993
                 575                5.75            -1.48204            -0.58522
                 576                5.76            -1.48789           -0.585456
                 577                5.77            -1.49375           -0.585701
                 578                5.78            -1.49961           -0.585955
                 579                5.79            -1.50546           -0.586218
                 580                 5.8            -1.51133            -0.58649
                 581                5.81            -1.51719           -0.586771
                 582                5.82            -1.52306           -0.587062
                 583                5.83            -1.52893           -0.587362
                 584                5.84             -1.5348           -0.587672
                 585                5.85            -1.54068           -0.587991
                 586                5.86            -1.54656            -0.58832
                 587                5.87            -1.55244           -0.588658
                 588                5.88            -1.55833           -0.589007
                 589                5.89            -1.56422           -0.589365
                 590                 5.9            -1.57011           -0.589732
                 591                5.91            -1.57601            -0.59011
                 592                5.92            -1.58191           -0.590498
                 593                5.93            -1.58782           -0.590896
                 594                5.94            -1.59373           -0.591304
                 595                5.95            -1.59964           -0.591722
                 596                5.96            -1.60556           -0.592151
                 597                5.97            -1.61148            -0.59259
                 598                5.98             -1.6174           -0.593039
                 599                5.99            -1.62333           -0.593499
                 600                   6            -1.62927           -0.593969
                 601                6.01            -1.63521            -0.59445
                 602                6.02            -1.64115           -0.594942
                 603                6.03             -1.6471           -0.595445
                 604                6.04            -1.65306           -0.595959
                 605                6.05            -1.65902           -0.596484
                 606                6.06            -1.66498           -0.597019
                 607                6.07            -1.67095           -0.597566
                 608                6.08            -1.67693           -0.598125
                 609                6.09            -1.68291           -0.598694
                 610                 6.1             -1.6889           -0.599276
                 611                6.11            -1.69489           -0.599868
                 612                6.12            -1.70089           -0.600473
                 613                6.13            -1.70689           -0.601089
                 614                6.14             -1.7129           -0.601717
                 615                6.15            -1.71892           -0.602356
                 616                6.16            -1.72494           -0.603008
                 617                6.17            -1.73097           -0.603672
                 618                6.18            -1.73701           -0.604348
                 619                6.19            -1.74305           -0.605037
                 620                 6.2             -1.7491           -0.605738
                 621                6.21            -1.75516           -0.606451
                 622                6.22            -1.76123           -0.607177
                 623                6.23             -1.7673           -0.607916
                 624                6.24            -1.77338           -0.608668
                 625                6.25            -1.77946           -0.609433
                 626                6.26            -1.78556           -0.610211
                 627                6.27            -1.79166           -0.611002
                 628                6.28            -1.79777           -0.611806
                 629                6.29            -1.80389           -0.612624
                 630                 6.3            -1.81001           -0.613455
                 631                6.31            -1.81615             -0.6143
                 632                6.32            -1.82229           -0.615159
                 633                6.33            -1.82844           -0.616032
                 634                6.34             -1.8346           -0.616918
                 635                6.35            -1.84077           -0.617819
                 636                6.36            -1.84695           -0.618735
                 637                6.37            -1.85314           -0.619664
                 638                6.38            -1.85934           -0.620608
                 639                6.39            -1.86554           -0.621567
                 640                 6.4            -1.87176           -0.622541
                 641                6.41            -1.87798            -0.62353
                 642                6.42            -1.88422           -0.624534
                 643                6.43            -1.89046           -0.625553
                 644                6.44            -1.89672           -0.626588
                 645                6.45            -1.90298           -0.627638
                 646                6.46            -1.90926           -0.628704
                 647                6.47            -1.91555           -0.629786
                 648                6.48            -1.92185           -0.630884
                 649                6.49            -1.92815           -0.631998
                 650                 6.5            -1.93447           -0.633129
                 651                6.51            -1.94081           -0.634276
                 652                6.52            -1.94715            -0.63544
                 653                6.53             -1.9535            -0.63662
                 654                6.54            -1.95987           -0.637818
                 655                6.55            -1.96625           -0.639033
                 656                6.56            -1.97264           -0.640265
                 657                6.57            -1.97904           -0.641515
                 658                6.58            -1.98546           -0.642783
                 659                6.59            -1.99188           -0.644068
                 660                 6.6            -1.99832           -0.645372
                 661                6.61            -2.00478           -0.646694
                 662                6.62            -2.01124           -0.648034
                 663                6.63            -2.01773           -0.649394
                 664                6.64            -2.02422           -0.650772
                 665                6.65            -2.03073           -0.652169
                 666                6.66            -2.03725           -0.653586
                 667                6.67            -2.04378           -0.655022
                 668                6.68            -2.05033           -0.656478
                 669                6.69             -2.0569           -0.657954
                 670                 6.7            -2.06348            -0.65945
                 671                6.71            -2.07007           -0.660966
                 672                6.72            -2.07668           -0.662504
                 673                6.73            -2.08331           -0.664062
                 674                6.74            -2.08995           -0.665641
                 675                6.75            -2.09661           -0.667242
                 676                6.76            -2.10328           -0.668864
                 677                6.77            -2.10997           -0.670508
                 678                6.78            -2.11667           -0.672174
                 679                6.79            -2.12339           -0.673863
                 680                 6.8            -2.13013           -0.675574
                 681                6.81            -2.13689           -0.677309
                 682                6.82            -2.14366           -0.679066
                 683                6.83            -2.15045           -0.680847
                 684                6.84            -2.15726           -0.682651
                 685                6.85            -2.16409            -0.68448
                 686                6.86            -2.17093           -0.686333
                 687                6.87            -2.17779           -0.688211
                 688                6.88            -2.18468           -0.690113
                 689                6.89            -2.19158           -0.692041
                 690                 6.9             -2.1985           -0.693994
                 691                6.91            -2.20544           -0.695974
                 692                6.92             -2.2124           -0.697979
                 693                6.93            -2.21938           -0.700011
                 694                6.94            -2.22638            -0.70207
                 695                6.95             -2.2334           -0.704156
                 696                6.96            -2.24044           -0.706269
                 697                6.97             -2.2475           -0.708411
                 698                6.98            -2.25459           -0.710581
                 699                6.99            -2.26169           -0.712779
                 700                   7            -2.26882           -0.715006
                 701                7.01            -2.27597           -0.717263
                 702                7.02            -2.28314            -0.71955
                 703                7.03            -2.29034           -0.721866
                 704                7.04            -2.29756           -0.724214
                 705                7.05             -2.3048           -0.726592
                 706                7.06            -2.31206           -0.729002
                 707                7.07            -2.31935           -0.731443
                 708                7.08            -2.32667           -0.733917
                 709                7.09            -2.33401           -0.736424
                 710                 7.1            -2.34137           -0.738963
                 711                7.11            -2.34876           -0.741537
                 712                7.12            -2.35618           -0.744144
                 713                7.13            -2.36362           -0.746786
                 714                7.14            -2.37109           -0.749463
                 715                7.15            -2.37858           -0.752176
                 716                7.16             -2.3861           -0.754924
                 717                7.17            -2.39365           -0.757709
                 718                7.18            -2.40123           -0.760532
                 719                7.19            -2.40884           -0.763392
                 720                 7.2            -2.41647            -0.76629
                 721                7.21            -2.42413           -0.769226
                 722                7.22            -2.43182           -0.772203
                 723                7.23            -2.43955           -0.775219
                 724                7.24             -2.4473           -0.778275
                 725                7.25            -2.45508           -0.781372
                 726                7.26            -2.46289           -0.784512
                 727                7.27            -2.47074           -0.787693
                 728                7.28            -2.47862           -0.790918
                 729                7.29            -2.48653           -0.794186
                 730                 7.3            -2.49447           -0.797498
                 731                7.31            -2.50244           -0.800856
                 732                7.32            -2.51045           -0.804259
                 733                7.33            -2.51849           -0.807708
                 734                7.34            -2.52657           -0.811204
                 735                7.35            -2.53468           -0.814748
                 736                7.36            -2.54283           -0.818341
                 737                7.37            -2.55101           -0.821983
                 738                7.38            -2.55923           -0.825676
                 739                7.39            -2.56749           -0.829419
                 740                 7.4            -2.57578           -0.833214
                 741                7.41            -2.58412           -0.837061
                 742                7.42            -2.59249           -0.840962
                 743                7.43             -2.6009           -0.844918
                 744                7.44            -2.60935           -0.848928
                 745                7.45            -2.61784           -0.852995
                 746                7.46            -2.62637           -0.857119
                 747                7.47            -2.63494             -0.8613
                 748                7.48            -2.64355           -0.865541
                 749                7.49            -2.65221           -0.869842
                 750                 7.5             -2.6609           -0.874203
                 751                7.51            -2.66965           -0.878627
                 752                7.52            -2.67843           -0.883114
                 753                7.53            -2.68726           -0.887665
                 754                7.54            -2.69614           -0.892281
                 755                7.55            -2.70506           -0.896964
                 756                7.56            -2.71403           -0.901714
                 757                7.57            -2.72305           -0.906533
                 758                7.58            -2.73211           -0.911422
                 759                7.59            -2.74123           -0.916383
                 760                 7.6            -2.75039           -0.921416
                 761                7.61            -2.75961           -0.926522
                 762                7.62            -2.76887           -0.931704
                 763                7.63            -2.77819           -0.936963
                 764                7.64            -2.78756           -0.942299
                 765                7.65            -2.79698           -0.947715
                 766                7.66            -2.80646           -0.953211
                 767                7.67            -2.81599            -0.95879
                 768                7.68            -2.82558           -0.964453
                 769                7.69            -2.83522           -0.970201
                 770                 7.7            -2.84493           -0.976037
                 771                7.71            -2.85469           -0.981961
                 772                7.72            -2.86451           -0.987975
                 773                7.73            -2.87439           -0.994082
                 774                7.74            -2.88433            -1.00028
                 775                7.75            -2.89433            -1.00658
                 776                7.76            -2.90439            -1.01297
                 777                7.77            -2.91452            -1.01947
                 778                7.78            -2.92472            -1.02606
                 779                7.79            -2.93498            -1.03276
                 780                 7.8            -2.94531            -1.03956
                 781                7.81             -2.9557            -1.04647
                 782                7.82            -2.96617             -1.0535
                 783                7.83             -2.9767            -1.06063
                 784                7.84            -2.98731            -1.06788
                 785                7.85            -2.99799            -1.07524
                 786                7.86            -3.00874            -1.08273
                 787                7.87            -3.01957            -1.09033
                 788                7.88            -3.03047            -1.09806
                 789                7.89            -3.04145            -1.10592
                 790                 7.9            -3.05251            -1.11391
                 791                7.91            -3.06365            -1.12202
                 792                7.92            -3.07487            -1.13028
                 793                7.93            -3.08617            -1.13867
                 794                7.94            -3.09756             -1.1472
                 795                7.95            -3.10903            -1.15588
                 796                7.96            -3.12059             -1.1647
                 797                7.97            -3.13224            -1.17367
                 798                7.98            -3.14397             -1.1828
                 799                7.99             -3.1558            -1.19208
                 800                   8            -3.16772            -1.20153
                 801                8.01            -3.17974            -1.21114
                 802                8.02            -3.19185            -1.22092
                 803                8.03            -3.20406            -1.23087
                 804                8.04            -3.21637            -1.24099
                 805                8.05            -3.22878            -1.25129
                 806                8.06            -3.24129            -1.26178
                 807                8.07            -3.25391            -1.27246
                 808                8.08            -3.26663            -1.28333
                 809                8.09            -3.27947             -1.2944
                 810                 8.1            -3.29241            -1.30566
                 811                8.11            -3.30547            -1.31714
                 812                8.12            -3.31864            -1.32883
                 813                8.13            -3.33193            -1.34073
                 814                8.14            -3.34533            -1.35286
                 815                8.15            -3.35886            -1.36521
                 816                8.16            -3.37251             -1.3778
                 817                8.17            -3.38629            -1.39062
                 818                8.18             -3.4002            -1.40369
                 819                8.19            -3.41424            -1.41701
                 820                 8.2            -3.42841            -1.43059
                 821                8.21            -3.44271            -1.44443
                 822                8.22            -3.45716            -1.45855
                 823                8.23            -3.47174            -1.47294
                 824                8.24            -3.48647            -1.48761
                 825                8.25            -3.50135            -1.50258
                 826                8.26            -3.51637            -1.51785
                 827                8.27            -3.53155            -1.53343
                 828                8.28            -3.54689            -1.54932
                 829                8.29            -3.56238            -1.56553
                 830                 8.3            -3.57803            -1.58208
                 831                8.31            -3.59385            -1.59897
                 832                8.32            -3.60984            -1.61622
                 833                8.33            -3.62601            -1.63382
                 834                8.34            -3.64234             -1.6518
                 835                8.35            -3.65886            -1.67015
                 836                8.36            -3.67556             -1.6889
                 837                8.37            -3.69245            -1.70805
                 838                8.38            -3.70953            -1.72762
                 839                8.39            -3.72681            -1.74761
                 840                 8.4            -3.74429            -1.76804
                 841                8.41            -3.76197            -1.78892
                 842                8.42            -3.77986            -1.81027
                 843                8.43            -3.79796            -1.83209
                 844                8.44            -3.81628            -1.85441
                 845                8.45            -3.83482            -1.87723
                 846                8.46             -3.8536            -1.90057
                 847                8.47             -3.8726            -1.92445
                 848                8.48            -3.89185            -1.94888
                 849                8.49            -3.91133            -1.97388
                 850                 8.5            -3.93107            -1.99947
                 851                8.51            -3.95107            -2.02567
                 852                8.52            -3.97132            -2.05249
                 853                8.53            -3.99185            -2.07995
                 854                8.54            -4.01265            -2.10808
                 855                8.55            -4.03373            -2.13689
                 856                8.56             -4.0551             -2.1664
                 857                8.57            -4.07676            -2.19665
                 858                8.58            -4.09873            -2.22765
                 859                8.59            -4.12101            -2.25942
                 860                 8.6             -4.1436              -2.292
                 861                8.61            -4.16652            -2.32541
                 862                8.62            -4.18977            -2.35967
                 863                8.63            -4.21337            -2.39481
                 864                8.64            -4.23732            -2.43087
                 865                8.65            -4.26163            -2.46787
                 866                8.66            -4.28631            -2.50585
                 867                8.67            -4.31136            -2.54483
                 868                8.68            -4.33681            -2.58486
                 869                8.69            -4.36266            -2.62597
                 870                 8.7            -4.38892             -2.6682
                 871                8.71             -4.4156            -2.71158
                 872                8.72            -4.44272            -2.75616
                 873                8.73            -4.47028            -2.80197
                 874                8.74             -4.4983            -2.84907
                 875                8.75            -4.52679             -2.8975
                 876                8.76            -4.55577             -2.9473
                 877                8.77            -4.58524            -2.99853
                 878                8.78            -4.61522            -3.05123
                 879                8.79            -4.64574            -3.10547
                 880                 8.8            -4.67679            -3.16129
                 881                8.81             -4.7084            -3.21876
                 882                8.82            -4.74059            -3.27794
                 883                8.83            -4.77337            -3.33888
                 884                8.84            -4.80676            -3.40167
                 885                8.85            -4.84078            -3.46636
                 886                8.86            -4.87544            -3.53303
                 887                8.87            -4.91077            -3.60175
                 888                8.88            -4.94679             -3.6726
                 889                8.89            -4.98351            -3.74567
                 890                 8.9            -5.02097            -3.82104
                 891                8.91            -5.05918             -3.8988
                 892                8.92            -5.09817            -3.97904
                 893                8.93            -5.13796            -4.06186
                 894                8.94            -5.17858            -4.14735
                 895                8.95            -5.22005            -4.23563
                 896                8.96            -5.26241            -4.32681
                 897                8.97            -5.30568            -4.42099
                 898                8.98            -5.34989            -4.51831
                 899                8.99            -5.39507            -4.61887
                 900                   9            -5.44126            -4.72281
                 901                9.01            -5.48849            -4.83027
                 902                9.02            -5.53679            -4.94138
                 903                9.03             -5.5862            -5.05629
                 904                9.04            -5.63677            -5.17515
                 905                9.05            -5.68852            -5.29811
                 906                9.06             -5.7415            -5.42534
                 907                9.07            -5.79575            -5.55699
                 908                9.08            -5.85132            -5.69325
                 909                9.09            -5.90825            -5.83429
                 910                 9.1             -5.9666            -5.98029
                 911                9.11             -6.0264            -6.13144
                 912                9.12            -6.08771            -6.28793
                 913                9.13            -6.15059            -6.44995
                 914                9.14            -6.21509            -6.61769
                 915                9.15            -6.28127            -6.79136
                 916                9.16            -6.34918            -6.97116
                 917                9.17            -6.41889            -7.15727
                 918                9.18            -6.49047            -7.34991
                 919                9.19            -6.56397            -7.54925
                 920                 9.2            -6.63946            -7.75549
                 921                9.21            -6.71701            -7.96879
                 922                9.22             -6.7967            -8.18932
                 923                9.23             -6.8786            -8.41723
                 924                9.24            -6.96277            -8.65262
                 925                9.25            -7.04929            -8.89561
                 926                9.26            -7.13825            -9.14626
                 927                9.27            -7.22971            -9.40462
                 928                9.28            -7.32376            -9.67068
                 929                9.29            -7.42047            -9.94441
                 930                 9.3            -7.51991            -10.2257
                 931                9.31            -7.62217            -10.5144
                 932                9.32            -7.72731            -10.8104
                 933                9.33            -7.83542            -11.1135
                 934                9.34            -7.94655            -11.4232
                 935                9.35            -8.06078            -11.7394
                 936                9.36            -8.17818            -12.0616
                 937                9.37            -8.29879            -12.3894
                 938                9.38            -8.42269            -12.7225
                 939                9.39            -8.54991            -13.0605
                 940                 9.4            -8.68052             -13.403
                 941                9.41            -8.81455            -13.7498
                 942                9.42            -8.95204            -14.1005
                 943                9.43            -9.09305            -14.4551
                 944                9.44             -9.2376            -14.8136
                 945                9.45            -9.38574            -15.1761
                 946                9.46             -9.5375            -15.5429
                 947                9.47            -9.69293            -15.9144
                 948                9.48            -9.85207            -16.2911
                 949                9.49             -10.015            -16.6735
                 950                 9.5            -10.1817            -17.0624
                 951                9.51            -10.3523            -17.4583
                 952                9.52            -10.5269            -17.8616
                 953                9.53            -10.7055            -18.2725
                 954                9.54            -10.8883            -18.6906
                 955                9.55            -11.0752            -19.1151
                 956                9.56            -11.2663            -19.5443
                 957                9.57            -11.4618             -19.976
                 958                9.58            -11.6615            -20.4066
                 959                9.59            -11.8656            -20.8321
                 960                 9.6            -12.0739            -21.2472
                 961                9.61            -12.2864            -21.6463
# Tail snaps
