            IntervalRadial            Vertical          Radial_vel        Vertical_vel
                   0                   0           -0.328907
                   1            0.151694           -0.328241
                   2            0.303377           -0.326247
                   3            0.455038           -0.322984
                   4            0.606669           -0.318534
                   5            0.758264           -0.313006
                   6            0.909821           -0.306527
                   7             1.06134            -0.29924
                   8             1.21283           -0.291288
                   9             1.36429           -0.282818
                  10             1.51573           -0.273964
                  11             1.66715           -0.264851
                  12             1.81856           -0.255589
                  13             1.96997           -0.246272
                  14             2.12138            -0.23698
                  15              2.2728           -0.227779
                  16             2.42422           -0.218721
                  17             2.57566           -0.209851
                  18             2.72711           -0.201203
                  19             2.87857           -0.192805
                  20             3.03005           -0.184681
                  21             3.18154           -0.176846
                  22             3.33305           -0.169312
                  23             3.48458           -0.162087
                  24             3.63611           -0.155171
                  25             3.78767           -0.148565
                  26             3.93923           -0.142263
                  27             4.09081           -0.136256
                  28              4.2424           -0.130537
                  29             4.39399           -0.125094
                  30              4.5456           -0.119916
                  31             4.69722           -0.114992
                  32             4.84884           -0.110311
                  33             5.00047           -0.105863
                  34             5.15211           -0.101636
                  35             5.30375          -0.0976199
                  36              5.4554          -0.0938058
                  37             5.60705          -0.0901832
                  38             5.75871          -0.0867424
                  39             5.91037          -0.0834739
                  40             6.06203          -0.0803683
                  41              6.2137          -0.0774167
                  42             6.36537          -0.0746106
                  43             6.51704           -0.071942
                  44             6.66872          -0.0694033
                  45             6.82039          -0.0669875
                  46             6.97207          -0.0646879
                  47             7.12375          -0.0624983
                  48             7.27543          -0.0604131
                  49             7.42712          -0.0584268
                  50              7.5788          -0.0565341
                  51             7.73049            -0.05473
                  52             7.88217          -0.0530098
                  53             8.03386           -0.051369
                  54             8.18555          -0.0498035
                  55             8.33724          -0.0483097
                  56             8.48892           -0.046884
                  57             8.64061          -0.0455228
                  58              8.7923          -0.0442229
                  59               8.944          -0.0429813
                  60             9.09569          -0.0417951
                  61             9.24738          -0.0406616
                  62             9.39907          -0.0395782
                  63             9.55076          -0.0385428
                  64             9.70245           -0.037553
                  65             9.85415          -0.0366066
                  66             10.0058          -0.0357008
                  67             10.1575          -0.0348338
                  68             10.3092          -0.0340047
                  69             10.4609          -0.0332132
                  70             10.6126          -0.0324582
                  71             10.7643          -0.0317378
                  72              10.916          -0.0310497
                  73             11.0677          -0.0303922
                  74             11.2194          -0.0297637
                  75             11.3711           -0.029163
                  76             11.5228          -0.0285889
                  77             11.6745          -0.0280403
                  78             11.8262          -0.0275162
                  79             11.9779          -0.0270159
                  80             12.1296          -0.0265375
                  81             12.2813          -0.0260802
                  82              12.433          -0.0256442
                  83             12.5846          -0.0252381
                  84             12.7363          -0.0248627
                  85              12.888           -0.024515
                  86             13.0397          -0.0241822
                  87             13.1914          -0.0238647
                  88             13.3431          -0.0235615
                  89             13.4948          -0.0232715
                  90             13.6465          -0.0229952
                  91             13.7982          -0.0227328
                  92             13.9499          -0.0224852
                  93             14.1016          -0.0222529
                  94             14.2533          -0.0220377
                  95              14.405          -0.0218427
                  96             14.5567          -0.0216728
                  97             14.7084          -0.0215271
                  98             14.8601          -0.0214218
                  99             15.0118          -0.0214089
