            IntervalRadial            Vertical          Radial_vel        Vertical_vel
                   0                   0            -1.10046
                   1            0.152374            -1.09843
                   2             0.30464            -1.09236
                   3            0.456699            -1.08236
                   4             0.60846            -1.06856
                   5            0.759854            -1.05119
                   6            0.910831             -1.0305
                   7             1.06137            -1.00682
                   8             1.21146           -0.980502
                   9             1.36115           -0.951942
                  10             1.51048           -0.921557
                  11             1.65952           -0.889784
                  12             1.80835           -0.857057
                  13             1.95706             -0.8238
                  14             2.10575           -0.790413
                  15             2.25448           -0.757257
                  16             2.40334           -0.724651
                  17             2.55238           -0.692858
                  18             2.70163           -0.662092
                  19             2.85111           -0.632509
                  20             3.00085           -0.604219
                  21             3.15084           -0.577286
                  22             3.30107            -0.55174
                  23             3.45153            -0.52758
                  24              3.6022           -0.504784
                  25             3.75307           -0.483312
                  26             3.90411           -0.463113
                  27             4.05531           -0.444128
                  28             4.20665           -0.426295
                  29             4.35812           -0.409548
                  30             4.50969           -0.393821
                  31             4.66136           -0.379048
                  32             4.81312           -0.365167
                  33             4.96494           -0.352116
                  34             5.11683           -0.339837
                  35             5.26878           -0.328276
                  36             5.42078           -0.317381
                  37             5.57282           -0.307104
                  38              5.7249           -0.297401
                  39             5.87701           -0.288232
                  40             6.02915           -0.279558
                  41             6.18132           -0.271345
                  42              6.3335            -0.26356
                  43             6.48571           -0.256173
                  44             6.63794           -0.249159
                  45             6.79018           -0.242491
                  46             6.94244           -0.236146
                  47              7.0947           -0.230104
                  48             7.24698           -0.224345
                  49             7.39927           -0.218851
                  50             7.55157           -0.213605
                  51             7.70387           -0.208592
                  52             7.85618           -0.203798
                  53              8.0085            -0.19921
                  54             8.16083           -0.194815
                  55             8.31315           -0.190603
                  56             8.46549           -0.186563
                  57             8.61783           -0.182686
                  58             8.77017           -0.178962
                  59             8.92251           -0.175383
                  60             9.07486           -0.171942
                  61             9.22721           -0.168631
                  62             9.37957           -0.165444
                  63             9.53192           -0.162374
                  64             9.68428           -0.159415
                  65             9.83664           -0.156563
                  66             9.98901           -0.153811
                  67             10.1414           -0.151155
                  68             10.2937           -0.148591
                  69             10.4461           -0.146114
                  70             10.5985           -0.143721
                  71             10.7508           -0.141408
                  72             10.9032            -0.13917
                  73             11.0556           -0.137006
                  74              11.208           -0.134912
                  75             11.3603           -0.132884
                  76             11.5127           -0.130921
                  77             11.6651           -0.129019
                  78             11.8175           -0.127177
                  79             11.9698           -0.125391
                  80             12.1222           -0.123661
                  81             12.2746           -0.121983
                  82              12.427           -0.120356
                  83             12.5793           -0.118781
                  84             12.7317           -0.117256
                  85             12.8841           -0.115778
                  86             13.0365           -0.114342
                  87             13.1889           -0.112948
                  88             13.3413           -0.111594
                  89             13.4936           -0.110278
                  90              13.646           -0.109001
                  91             13.7984           -0.107762
                  92             13.9508           -0.106561
                  93             14.1032           -0.105397
                  94             14.2555           -0.104272
                  95             14.4079           -0.103187
                  96             14.5603           -0.102144
                  97             14.7127           -0.101147
                  98             14.8651           -0.100205
                  99             15.0175          -0.0993474
