            IntervalRadial            Vertical          Radial_vel        Vertical_vel
                   0                   0            -3.61137
                   1            0.159846            -3.60565
                   2            0.318876            -3.58854
                   3            0.476303            -3.56025
                   4            0.631383             -3.5211
                   5            0.783447             -3.4715
                   6            0.931913            -3.41199
                   7             1.07631             -3.3432
                   8             1.21629            -3.26581
                   9             1.35167            -3.18062
                  10              1.4824            -3.08847
                  11             1.60865            -2.99026
                  12             1.73076            -2.88696
                  13              1.8493            -2.77957
                  14             1.96502            -2.66916
                  15             2.07886             -2.5568
                  16             2.19188            -2.44362
                  17             2.30521            -2.33075
                  18             2.41996            -2.21932
                  19             2.53711            -2.11042
                  20             2.65744            -2.00504
                  21             2.78145            -1.90403
                  22             2.90938            -1.80803
                  23             3.04123            -1.71747
                  24             3.17678            -1.63256
                  25             3.31571            -1.55331
                  26             3.45766            -1.47959
                  27             3.60222            -1.41114
                  28             3.74903            -1.34765
                  29             3.89775            -1.28879
                  30             4.04809             -1.2342
                  31              4.1998            -1.18353
                  32             4.35267            -1.13645
                  33              4.5065            -1.09265
                  34             4.66116            -1.05186
                  35             4.81652            -1.01381
                  36             4.97246           -0.978264
                  37             5.12892           -0.945004
                  38              5.2858           -0.913834
                  39             5.44305           -0.884579
                  40             5.60061           -0.857075
                  41             5.75845            -0.83118
                  42             5.91652           -0.806762
                  43              6.0748           -0.783704
                  44             6.23325           -0.761899
                  45             6.39186            -0.74125
                  46             6.55061           -0.721672
                  47             6.70947           -0.703086
                  48             6.86844           -0.685419
                  49             7.02751           -0.668607
                  50             7.18665           -0.652591
                  51             7.34587           -0.637317
                  52             7.50515           -0.622736
                  53             7.66449           -0.608801
                  54             7.82388           -0.595473
                  55             7.98332           -0.582713
                  56              8.1428           -0.570486
                  57             8.30231            -0.55876
                  58             8.46187           -0.547505
                  59             8.62145           -0.536694
                  60             8.78106           -0.526302
                  61             8.94069           -0.516305
                  62             9.10035           -0.506681
                  63             9.26003           -0.497411
                  64             9.41973           -0.488476
                  65             9.57944           -0.479857
                  66             9.73918            -0.47154
                  67             9.89892           -0.463508
                  68             10.0587           -0.455748
                  69             10.2185           -0.448246
                  70             10.3782            -0.44099
                  71              10.538           -0.433969
                  72             10.6978           -0.427171
                  73             10.8576           -0.420586
                  74             11.0175           -0.414206
                  75             11.1773            -0.40802
                  76             11.3371            -0.40202
                  77              11.497           -0.396199
                  78             11.6568           -0.390548
                  79             11.8167           -0.385061
                  80             11.9765           -0.379731
                  81             12.1364           -0.374552
                  82             12.2963           -0.369518
                  83             12.4561           -0.364623
                  84              12.616           -0.359864
                  85             12.7759           -0.355235
                  86             12.9358           -0.350729
                  87             13.0957           -0.346342
                  88             13.2556           -0.342069
                  89             13.4155           -0.337907
                  90             13.5753           -0.333852
                  91             13.7352             -0.3299
                  92             13.8952            -0.32605
                  93             14.0551           -0.322299
                  94              14.215           -0.318644
                  95             14.3749           -0.315085
                  96             14.5348           -0.311622
                  97             14.6947           -0.308254
                  98             14.8546           -0.304989
                  99             15.0145           -0.301843
