            IntervalRadial            Vertical          Radial_vel        Vertical_vel
                   0                   0           -0.383184
                   1            0.151663           -0.382391
                   2            0.303309           -0.380029
                   3            0.454925           -0.376151
                   4            0.606497           -0.370845
                   5            0.758017           -0.364226
                   6            0.909482           -0.356435
                   7             1.06089           -0.347632
                   8             1.21225           -0.337988
                   9             1.36356           -0.327682
                  10             1.51484           -0.316889
                  11              1.6661           -0.305779
                  12             1.81735           -0.294508
                  13             1.96859           -0.283218
                  14             2.11984           -0.272029
                  15             2.27111           -0.261046
                  16              2.4224           -0.250349
                  17             2.57371           -0.240004
                  18             2.72505           -0.230055
                  19             2.87641           -0.220533
                  20             3.02781           -0.211457
                  21             3.17922           -0.202833
                  22             3.33067           -0.194659
                  23             3.48214           -0.186929
                  24             3.63363           -0.179629
                  25             3.78513           -0.172741
                  26             3.93666           -0.166249
                  27              4.0882           -0.160131
                  28             4.23976           -0.154366
                  29             4.39133           -0.148934
                  30              4.5429           -0.143815
                  31             4.69449           -0.138988
                  32             4.84609           -0.134434
                  33             4.99769           -0.130135
                  34              5.1493           -0.126074
                  35             5.30092           -0.122235
                  36             5.45254           -0.118602
                  37             5.60417           -0.115163
                  38              5.7558           -0.111902
                  39             5.90743           -0.108809
                  40             6.05907           -0.105872
                  41             6.21071           -0.103081
                  42             6.36235           -0.100426
                  43             6.51399          -0.0978987
                  44             6.66564          -0.0954899
                  45             6.81728          -0.0931925
                  46             6.96893          -0.0909994
                  47             7.12058          -0.0889041
                  48             7.27224          -0.0869006
                  49             7.42389          -0.0849833
                  50             7.57554          -0.0831469
                  51              7.7272          -0.0813868
                  52             7.87885          -0.0796984
                  53             8.03051          -0.0780777
                  54             8.18217          -0.0765208
                  55             8.33382          -0.0750242
                  56             8.48548          -0.0735844
                  57             8.63714          -0.0721985
                  58              8.7888          -0.0708635
                  59             8.94046          -0.0695768
                  60             9.09212          -0.0683359
                  61             9.24378          -0.0671383
                  62             9.39544           -0.065982
                  63              9.5471          -0.0648649
                  64             9.69876           -0.063785
                  65             9.85042          -0.0627406
                  66             10.0021          -0.0617299
                  67             10.1537          -0.0607514
                  68             10.3054          -0.0598036
                  69             10.4571           -0.058885
                  70             10.6087          -0.0579945
                  71             10.7604          -0.0571306
                  72             10.9121          -0.0562923
                  73             11.0637          -0.0554784
                  74             11.2154          -0.0546879
                  75              11.367          -0.0539199
                  76             11.5187          -0.0531733
                  77             11.6704          -0.0524473
                  78              11.822          -0.0517411
                  79             11.9737          -0.0510539
                  80             12.1254          -0.0503849
                  81              12.277          -0.0497335
                  82             12.4287          -0.0490988
                  83             12.5804          -0.0484804
                  84              12.732          -0.0478777
                  85             12.8837          -0.0472899
                  86             13.0353          -0.0467166
                  87              13.187          -0.0461572
                  88             13.3387          -0.0456113
                  89             13.4903          -0.0450784
                  90              13.642          -0.0445579
                  91             13.7937          -0.0440496
                  92             13.9453           -0.043553
                  93              14.097          -0.0430677
                  94             14.2487          -0.0425934
                  95             14.4003          -0.0421297
                  96              14.552          -0.0416763
                  97             14.7036           -0.041233
                  98             14.8553          -0.0407996
                  99              15.007          -0.0403761
