            IntervalRadial            Vertical          Radial_vel        Vertical_vel
                   0                   0           -0.083844
                   1            0.151551          -0.0837231
                   2            0.303101          -0.0833604
                   3             0.45465           -0.082769
                   4            0.606199          -0.0819656
                   5            0.757746          -0.0809715
                   6            0.909293          -0.0798109
                   7             1.06084          -0.0785089
                   8             1.21238          -0.0770896
                   9             1.36392          -0.0755755
                  10             1.51547          -0.0739864
                  11             1.66701          -0.0723396
                  12             1.81855          -0.0706499
                  13             1.97009          -0.0689305
                  14             2.12163          -0.0671926
                  15             2.27317          -0.0654474
                  16             2.42471          -0.0637043
                  17             2.57625           -0.061973
                  18             2.72779          -0.0602618
                  19             2.87934          -0.0585784
                  20             3.03088          -0.0569289
                  21             3.18242          -0.0553184
                  22             3.33396          -0.0537503
                  23             3.48551          -0.0522268
                  24             3.63705          -0.0507488
                  25             3.78859          -0.0493165
                  26             3.94014          -0.0479296
                  27             4.09168          -0.0465874
                  28             4.24323          -0.0452891
                  29             4.39477          -0.0440342
                  30             4.54632          -0.0428221
                  31             4.69786          -0.0416522
                  32             4.84941           -0.040524
                  33             5.00096          -0.0394368
                  34              5.1525          -0.0383898
                  35             5.30405          -0.0373817
                  36              5.4556          -0.0364115
                  37             5.60715          -0.0354775
                  38              5.7587          -0.0345782
                  39             5.91024           -0.033712
                  40             6.06179          -0.0328776
                  41             6.21334          -0.0320735
                  42             6.36489          -0.0312985
                  43             6.51644          -0.0305515
                  44             6.66799          -0.0298313
                  45             6.81954          -0.0291371
                  46             6.97109          -0.0284678
                  47             7.12263          -0.0278225
                  48             7.27418          -0.0272003
                  49             7.42573          -0.0266002
                  50             7.57728          -0.0260212
                  51             7.72883          -0.0254624
                  52             7.88038          -0.0249228
                  53             8.03193          -0.0244015
                  54             8.18348          -0.0238977
                  55             8.33503           -0.023411
                  56             8.48658          -0.0229405
                  57             8.63813          -0.0224856
                  58             8.78968          -0.0220457
                  59             8.94123          -0.0216202
                  60             9.09278          -0.0212085
                  61             9.24433            -0.02081
                  62             9.39588          -0.0204242
                  63             9.54743          -0.0200505
                  64             9.69898          -0.0196886
                  65             9.85053          -0.0193378
                  66             10.0021          -0.0189974
                  67             10.1536          -0.0186671
                  68             10.3052          -0.0183468
                  69             10.4567          -0.0180365
                  70             10.6083           -0.017736
                  71             10.7598          -0.0174447
                  72             10.9114           -0.017162
                  73             11.0629          -0.0168874
                  74             11.2145          -0.0166206
                  75              11.366          -0.0163611
                  76             11.5176          -0.0161089
                  77             11.6691          -0.0158634
                  78             11.8207          -0.0156245
                  79             11.9722           -0.015392
                  80             12.1238          -0.0151654
                  81             12.2753          -0.0149446
                  82             12.4269          -0.0147296
                  83             12.5784          -0.0145223
                  84               12.73          -0.0143227
                  85             12.8815            -0.01413
                  86             13.0331          -0.0139409
                  87             13.1846          -0.0137557
                  88             13.3362          -0.0135742
                  89             13.4877          -0.0133961
                  90             13.6393          -0.0132215
                  91             13.7908          -0.0130504
                  92             13.9424          -0.0128829
                  93             14.0939          -0.0127191
                  94             14.2455          -0.0125592
                  95              14.397          -0.0124039
                  96             14.5486          -0.0122539
                  97             14.7001          -0.0121085
                  98             14.8517          -0.0119705
                  99             15.0033          -0.0118489
