            IntervalRadial            Vertical          Radial_vel        Vertical_vel
                   0                   0            -2.72618
                   1            0.167515            -2.71544
                   2            0.332238            -2.68315
                   3            0.491539            -2.63024
                   4            0.642892            -2.55765
                   5            0.783932            -2.46664
                   6            0.912501            -2.35872
                   7              1.0267             -2.2357
                   8             1.12508            -2.09968
                   9             1.20686             -1.9531
                  10             1.27223            -1.79849
                  11             1.32235            -1.63829
                  12             1.35929            -1.47454
                  13             1.38613            -1.30885
                  14              1.4073            -1.14233
                  15             1.42921           -0.975906
                  16             1.46061            -0.81101
                  17              1.5114           -0.651019
                  18             1.58884           -0.502094
                  19             1.69369           -0.371013
                  20             1.82126           -0.261915
                  21              1.9652           -0.175551
                  22             2.11985           -0.110289
                  23             2.28096          -0.0631629
                  24             2.44564          -0.0306685
                  25             2.61214         -0.00935671
                  26             2.77948          0.00380145
                  27             2.94718           0.0112623
                  28             3.11499           0.0149031
                  29             3.28285           0.0160937
                  30             3.45071           0.0157945
                  31             3.61856           0.0146561
                  32             3.78641           0.0131039
                  33             3.95426           0.0114063
                  34             4.12211          0.00972506
                  35             4.28996          0.00815173
                  36             4.45782          0.00673266
                  37             4.62567          0.00548574
                  38             4.79352          0.00441149
                  39             4.96138          0.00350043
                  40             5.12924          0.00273777
                  41             5.29709          0.00210655
                  42             5.46495          0.00158946
                  43             5.63281          0.00116999
                  44             5.80067          0.00083304
                  45             5.96852         0.000565134
                  46             6.13638         0.000354505
                  47             6.30424         0.000191021
                  48              6.4721         6.60541e-05
                  49             6.63996        -2.76717e-05
                  50             6.80781        -9.62485e-05
                  51             6.97567        -0.000144741
                  52             7.14353        -0.000177336
                  53             7.31139        -0.000197471
                  54             7.47925        -0.000207958
                  55             7.64711         -0.00021108
                  56             7.81496        -0.000208681
                  57             7.98282        -0.000202242
                  58             8.15068        -0.000192943
                  59             8.31854        -0.000181718
                  60              8.4864        -0.000169297
                  61             8.65426        -0.000156248
                  62             8.82211        -0.000143004
                  63             8.98997        -0.000129892
                  64             9.15783         -0.00011715
                  65             9.32569        -0.000104949
                  66             9.49355        -9.34062e-05
                  67             9.66141         -8.2593e-05
                  68             9.82926        -7.25488e-05
                  69             9.99712        -6.32868e-05
                  70              10.165        -5.47995e-05
                  71             10.3328         -4.7065e-05
                  72             10.5007        -4.00486e-05
                  73             10.6686        -3.37082e-05
                  74             10.8364        -2.79932e-05
                  75             11.0043        -2.28501e-05
                  76             11.1721        -1.82177e-05
                  77               11.34        -1.40351e-05
                  78             11.5078        -1.02319e-05
                  79             11.6757         -6.7398e-06
                  80             11.8436        -3.47777e-06
                  81             12.0114        -3.65346e-07
                  82             12.1793         2.70285e-06
                  83             12.3471         5.83418e-06
                  84              12.515         9.11367e-06
                  85             12.6829         1.26088e-05
                  86             12.8507         1.64415e-05
                  87             13.0186         2.08026e-05
                  88             13.1864         2.58563e-05
                  89             13.3543          3.1728e-05
                  90             13.5221         3.85298e-05
                  91               13.69         4.62468e-05
                  92             13.8579         5.47719e-05
                  93             14.0257         6.34692e-05
                  94             14.1936         7.13546e-05
                  95             14.3614         7.52295e-05
                  96             14.5293         7.03882e-05
                  97             14.6972         4.16293e-05
                  98              14.865        -3.94827e-05
                  99             15.0329        -0.000293266
