            IntervalRadial            Vertical          Radial_vel        Vertical_vel
                   0                   0            -4.72273
                   1            0.165325            -4.71543
                   2            0.329366            -4.69361
                   3            0.490886            -4.65759
                   4            0.648733            -4.60789
                   5            0.801872            -4.54517
                   6            0.949406            -4.47021
                   7              1.0906             -4.3839
                   8              1.2249            -4.28721
                   9             1.35196            -4.18117
                  10             1.47164            -4.06689
                  11              1.5841            -3.94548
                  12             1.68977            -3.81813
                  13             1.78943            -3.68602
                  14             1.88418            -3.55035
                  15             1.97544             -3.4123
                  16              2.0649            -3.27307
                  17             2.15438            -3.13386
                  18             2.24571            -2.99586
                  19             2.34055            -2.86025
                  20             2.44022            -2.72814
                  21             2.54555            -2.60051
                  22             2.65695            -2.47814
                  23             2.77442            -2.36157
                  24             2.89766            -2.25113
                  25              3.0262             -2.1469
                  26              3.1595            -2.04884
                  27               3.297            -1.95675
                  28             3.43817             -1.8704
                  29             3.58252            -1.78947
                  30             3.72962            -1.71367
                  31             3.87911            -1.64268
                  32             4.03065            -1.57619
                  33             4.18397            -1.51391
                  34             4.33883            -1.45558
                  35             4.49503            -1.40092
                  36             4.65238            -1.34967
                  37             4.81074            -1.30161
                  38             4.96995             -1.2565
                  39             5.12992            -1.21412
                  40             5.29053            -1.17426
                  41             5.45171            -1.13672
                  42             5.61337            -1.10134
                  43             5.77545            -1.06794
                  44              5.9379            -1.03639
                  45             6.10067            -1.00653
                  46             6.26372           -0.978251
                  47             6.42702           -0.951437
                  48             6.59054           -0.925986
                  49             6.75425           -0.901801
                  50             6.91812           -0.878796
                  51             7.08215           -0.856892
                  52             7.24632           -0.836015
                  53              7.4106           -0.816097
                  54             7.57499           -0.797078
                  55             7.73948           -0.778898
                  56             7.90405           -0.761507
                  57             8.06869           -0.744856
                  58             8.23341             -0.7289
                  59             8.39818           -0.713599
                  60             8.56302           -0.698914
                  61              8.7279            -0.68481
                  62             8.89283           -0.671255
                  63              9.0578           -0.658218
                  64             9.22281           -0.645671
                  65             9.38786           -0.633588
                  66             9.55293           -0.621944
                  67             9.71804           -0.610717
                  68             9.88317           -0.599885
                  69             10.0483           -0.589429
                  70             10.2135            -0.57933
                  71             10.3787           -0.569571
                  72             10.5439           -0.560136
                  73             10.7092            -0.55101
                  74             10.8744           -0.542178
                  75             11.0397           -0.533626
                  76             11.2049           -0.525343
                  77             11.3702           -0.517315
                  78             11.5355           -0.509533
                  79             11.7009           -0.501985
                  80             11.8662           -0.494661
                  81             12.0315           -0.487552
                  82             12.1969           -0.480649
                  83             12.3622           -0.473945
                  84             12.5276           -0.467438
                  85             12.6929           -0.461122
                  86             12.8583           -0.454985
                  87             13.0237            -0.44901
                  88             13.1891            -0.44319
                  89             13.3544           -0.437518
                  90             13.5198            -0.43199
                  91             13.6852           -0.426602
                  92             13.8506           -0.421351
                  93             14.0161           -0.416236
                  94             14.1815           -0.411254
                  95             14.3469           -0.406407
                  96             14.5123           -0.401698
                  97             14.6777           -0.397128
                  98             14.8431           -0.392715
                  99             15.0086           -0.388514
