            IntervalRadial            Vertical          Radial_vel        Vertical_vel
                   0                   0            -1.12078
                   1             0.15236            -1.11875
                   2            0.304614            -1.11271
                   3            0.456661            -1.10274
                   4            0.608414            -1.08899
                   5              0.7598            -1.07167
                   6            0.910772            -1.05105
                   7              1.0613            -1.02743
                   8              1.2114            -1.00117
                   9             1.36108           -0.972664
                  10              1.5104           -0.942323
                  11             1.65943           -0.910579
                  12             1.80826           -0.877867
                  13             1.95696            -0.84461
                  14             2.10562            -0.81121
                  15             2.25434           -0.778031
                  16             2.40318           -0.745396
                  17             2.55219           -0.713578
                  18             2.70143           -0.682793
                  19              2.8509           -0.653207
                  20             3.00063           -0.624934
                  21             3.15061           -0.598043
                  22             3.30084           -0.572565
                  23              3.4513           -0.548499
                  24             3.60198            -0.52582
                  25             3.75285           -0.504485
                  26              3.9039           -0.484439
                  27             4.05511           -0.465618
                  28             4.20645           -0.447954
                  29             4.35792           -0.431376
                  30              4.5095           -0.415814
                  31             4.66117             -0.4012
                  32             4.81292           -0.387467
                  33             4.96475           -0.374554
                  34             5.11664             -0.3624
                  35             5.26858           -0.350951
                  36             5.42057           -0.340154
                  37              5.5726           -0.329962
                  38             5.72467            -0.32033
                  39             5.87677           -0.311219
                  40              6.0289            -0.30259
                  41             6.18106           -0.294409
                  42             6.33323           -0.286644
                  43             6.48543           -0.279267
                  44             6.63764            -0.27225
                  45             6.78987            -0.26557
                  46             6.94211           -0.259203
                  47             7.09436            -0.25313
                  48             7.24662           -0.247331
                  49              7.3989           -0.241788
                  50             7.55118           -0.236486
                  51             7.70347            -0.23141
                  52             7.85576           -0.226546
                  53             8.00807           -0.221881
                  54             8.16037           -0.217404
                  55             8.31269           -0.213103
                  56               8.465           -0.208969
                  57             8.61733           -0.204993
                  58             8.76965           -0.201165
                  59             8.92198           -0.197478
                  60             9.07431           -0.193924
                  61             9.22665           -0.190496
                  62             9.37899           -0.187188
                  63             9.53133           -0.183994
                  64             9.68367           -0.180907
                  65             9.83601           -0.177923
                  66             9.98836           -0.175037
                  67             10.1407           -0.172243
                  68             10.2931           -0.169538
                  69             10.4454           -0.166918
                  70             10.5978           -0.164378
                  71             10.7501           -0.161915
                  72             10.9025           -0.159526
                  73             11.0548           -0.157207
                  74             11.2072           -0.154955
                  75             11.3595           -0.152768
                  76             11.5119           -0.150642
                  77             11.6643           -0.148576
                  78             11.8166           -0.146566
                  79              11.969           -0.144611
                  80             12.1213           -0.142708
                  81             12.2737           -0.140856
                  82             12.4261           -0.139052
                  83             12.5784           -0.137295
                  84             12.7308           -0.135583
                  85             12.8832           -0.133914
                  86             13.0355           -0.132286
                  87             13.1879           -0.130698
                  88             13.3403           -0.129147
                  89             13.4926           -0.127633
                  90              13.645           -0.126155
                  91             13.7974           -0.124711
                  92             13.9497             -0.1233
                  93             14.1021           -0.121922
                  94             14.2545           -0.120576
                  95             14.4068           -0.119261
                  96             14.5592           -0.117976
                  97             14.7116           -0.116721
                  98             14.8639           -0.115498
                  99             15.0163           -0.114309
