            IntervalRadial            Vertical          Radial_vel        Vertical_vel
                   0                   0            -2.34613
                   1            0.154895            -2.34232
                   2            0.309419            -2.33095
                   3            0.463215            -2.31214
                   4            0.615953            -2.28609
                   5            0.767342            -2.25311
                   6            0.917147            -2.21354
                   7             1.06519            -2.16783
                   8             1.21138            -2.11649
                   9             1.35569            -2.06008
                  10             1.49819            -1.99925
                  11             1.63903            -1.93467
                  12             1.77846            -1.86708
                  13             1.91678            -1.79726
                  14             2.05436            -1.72601
                  15             2.19162            -1.65413
                  16             2.32897            -1.58242
                  17              2.4668            -1.51164
                  18             2.60544            -1.44246
                  19             2.74516            -1.37548
                  20             2.88613            -1.31119
                  21             3.02844            -1.24992
                  22             3.17211            -1.19189
                  23             3.31709            -1.13722
                  24             3.46328             -1.0859
                  25             3.61059            -1.03787
                  26             3.75889           -0.992994
                  27             3.90807           -0.951119
                  28             4.05801           -0.912063
                  29             4.20861           -0.875637
                  30             4.35978           -0.841654
                  31             4.51144           -0.809932
                  32             4.66352           -0.780297
                  33             4.81596           -0.752584
                  34             4.96872           -0.726642
                  35             5.12174           -0.702327
                  36             5.27499           -0.679508
                  37             5.42844           -0.658064
                  38             5.58206           -0.637884
                  39             5.73584           -0.618867
                  40             5.88973           -0.600922
                  41             6.04375           -0.583965
                  42             6.19785            -0.56792
                  43             6.35205           -0.552719
                  44             6.50632           -0.538298
                  45             6.66065           -0.524602
                  46             6.81505           -0.511578
                  47             6.96949            -0.49918
                  48             7.12398           -0.487364
                  49             7.27851           -0.476091
                  50             7.43308           -0.465325
                  51             7.58768           -0.455034
                  52             7.74231           -0.445187
                  53             7.89697           -0.435756
                  54             8.05164           -0.426716
                  55             8.20634           -0.418044
                  56             8.36106           -0.409717
                  57              8.5158           -0.401716
                  58             8.67055           -0.394022
                  59             8.82531           -0.386618
                  60             8.98009           -0.379488
                  61             9.13488           -0.372618
                  62             9.28968           -0.365993
                  63             9.44449             -0.3596
                  64             9.59931           -0.353429
                  65             9.75414           -0.347467
                  66             9.90897           -0.341704
                  67             10.0638           -0.336131
                  68             10.2187           -0.330739
                  69             10.3735           -0.325518
                  70             10.5284           -0.320462
                  71             10.6832           -0.315562
                  72             10.8381           -0.310811
                  73              10.993           -0.306203
                  74             11.1479           -0.301732
                  75             11.3027           -0.297391
                  76             11.4576           -0.293176
                  77             11.6125            -0.28908
                  78             11.7674           -0.285099
                  79             11.9223           -0.281229
                  80             12.0772           -0.277464
                  81             12.2321           -0.273801
                  82              12.387           -0.270236
                  83             12.5419           -0.266766
                  84             12.6968            -0.26339
                  85             12.8517           -0.260101
                  86             13.0066           -0.256894
                  87             13.1615           -0.253766
                  88             13.3164           -0.250713
                  89             13.4714           -0.247732
                  90             13.6263           -0.244823
                  91             13.7812           -0.241982
                  92             13.9361           -0.239209
                  93              14.091           -0.236501
                  94             14.2459           -0.233858
                  95             14.4009           -0.231279
                  96             14.5558           -0.228764
                  97             14.7107           -0.226314
                  98             14.8656           -0.223932
                  99             15.0206           -0.221635
