            IntervalRadial            Vertical          Radial_vel        Vertical_vel
                   0                   0            -2.15255
                   1            0.157541            -2.14557
                   2            0.313849            -2.12469
                   3            0.467763            -2.09036
                   4            0.618252            -2.04323
                   5            0.764459            -1.98414
                   6            0.905731            -1.91407
                   7             1.04166            -1.83412
                   8             1.17209            -1.74549
                   9              1.2972            -1.64949
                  10             1.41748             -1.5475
                  11             1.53378            -1.44101
                  12             1.64734            -1.33159
                  13             1.75968            -1.22092
                  14             1.87253            -1.11077
                  15             1.98763            -1.00297
                  16             2.10653           -0.899385
                  17             2.23033           -0.801704
                  18             2.35954           -0.711306
                  19              2.4941            -0.62907
                  20             2.63348           -0.555302
                  21             2.77692             -0.4898
                  22             2.92364           -0.431994
                  23             3.07291           -0.381115
                  24             3.22411           -0.336337
                  25             3.37679           -0.296872
                  26             3.53058           -0.262016
                  27             3.68523           -0.231173
                  28             3.84055           -0.203854
                  29             3.99637           -0.179658
                  30             4.15261           -0.158258
                  31             4.30917           -0.139374
                  32             4.46599           -0.122754
                  33             4.62301           -0.108159
                  34             4.78018          -0.0953595
                  35             4.93748          -0.0841331
                  36             5.09487          -0.0742736
                  37             5.25232          -0.0655955
                  38             5.40983          -0.0579377
                  39             5.56738          -0.0511638
                  40             5.72497          -0.0451603
                  41             5.88257          -0.0398324
                  42              6.0402           -0.035101
                  43             6.19784          -0.0308985
                  44             6.35549          -0.0271663
                  45             6.51315          -0.0238527
                  46             6.67082           -0.020911
                  47             6.82849          -0.0182992
                  48             6.98617          -0.0159793
                  49             7.14385          -0.0139172
                  50             7.30154          -0.0120827
                  51             7.45923          -0.0104496
                  52             7.61691         -0.00899484
                  53             7.77461         -0.00769874
                  54              7.9323         -0.00654401
                  55             8.08999         -0.00551559
                  56             8.24768         -0.00460023
                  57             8.40538         -0.00378615
                  58             8.56307         -0.00306279
                  59             8.72077         -0.00242064
                  60             8.87846         -0.00185116
                  61             9.03616         -0.00134672
                  62             9.19385        -0.000900485
                  63             9.35155        -0.000506452
                  64             9.50924        -0.000159289
                  65             9.66694         0.000145658
                  66             9.82463         0.000412844
                  67             9.98233         0.000646501
                  68               10.14         0.000850348
                  69             10.2977          0.00102669
                  70             10.4554           0.0011769
                  71             10.6131          0.00130253
                  72             10.7708          0.00140597
                  73             10.9285          0.00148977
                  74             11.0862          0.00155597
                  75             11.2439           0.0016062
                  76             11.4016          0.00164184
                  77             11.5593          0.00166373
                  78              11.717          0.00167315
                  79             11.8747          0.00167022
                  80             12.0324          0.00165694
                  81             12.1901          0.00163427
                  82             12.3478          0.00160553
                  83             12.5055          0.00155902
                  84             12.6632          0.00148368
                  85             12.8209          0.00137383
                  86             12.9785           0.0012481
                  87             13.1362          0.00111496
                  88             13.2939          0.00097419
                  89             13.4516         0.000825981
                  90             13.6093         0.000668845
                  91              13.767          0.00050026
                  92             13.9247         0.000316673
                  93             14.0824         0.000114613
                  94             14.2401        -0.000112743
                  95             14.3978         -0.00037584
                  96             14.5555        -0.000691134
                  97             14.7132         -0.00107162
                  98             14.8709         -0.00156641
                  99             15.0286         -0.00234218
