            IntervalRadial            Vertical          Radial_vel        Vertical_vel
                   0                   0            -4.06133
                   1            0.180154            -4.04829
                   2            0.356418            -4.00884
                   3            0.525017            -3.94403
                   4            0.682153            -3.85496
                   5            0.824422            -3.74367
                   6            0.949025            -3.61291
                   7             1.05344            -3.46552
                   8             1.13505            -3.30438
                   9             1.19167            -3.13286
                  10             1.22262            -2.95491
                  11             1.22915             -2.7744
                  12             1.21406             -2.5944
                  13             1.18136            -2.41676
                  14             1.13596            -2.24194
                  15             1.08391            -2.06897
                  16              1.0344            -1.89527
                  17             1.00262            -1.71746
                  18             1.00404            -1.53684
                  19             1.04183            -1.36021
                  20             1.11027            -1.19305
                  21             1.20299            -1.03804
                  22             1.31516           -0.896455
                  23             1.44319           -0.769043
                  24             1.58424           -0.656216
                  25             1.73579           -0.557939
                  26             1.89548           -0.473538
                  27              2.0612           -0.401691
                  28             2.23119           -0.340608
                  29             2.40408            -0.28833
                  30             2.57895           -0.243071
                  31             2.75518           -0.203506
                  32             2.93246           -0.168862
                  33             3.11057           -0.138824
                  34             3.28938           -0.113308
                  35             3.46877          -0.0922254
                  36              3.6486          -0.0752979
                  37             3.82874          -0.0620004
                  38             4.00907          -0.0516401
                  39             4.18951          -0.0434916
                  40             4.37001          -0.0369041
                  41             4.55055          -0.0313574
                  42             4.73111          -0.0264835
                  43             4.91168          -0.0220739
                  44             5.09226          -0.0180676
                  45             5.27285          -0.0145107
                  46             5.45345          -0.0114947
                  47             5.63406         -0.00909011
                  48             5.81468          -0.0072979
                  49              5.9953          -0.0060355
                  50             6.17592         -0.00516176
                  51             6.35655         -0.00452423
                  52             6.53717         -0.00400036
                  53              6.7178         -0.00351483
                  54             6.89842         -0.00303545
                  55             7.07905           -0.002561
                  56             7.25967         -0.00210954
                  57              7.4403         -0.00170784
                  58             7.62092         -0.00137997
                  59             7.80155         -0.00113759
                  60             7.98217         -0.00097651
                  61              8.1628        -0.000879548
                  62             8.34342        -0.000822462
                  63             8.52405        -0.000781215
                  64             8.70467         -0.00073853
                  65              8.8853         -0.00068725
                  66             9.06592        -0.000628125
                  67             9.24655        -0.000566906
                  68             9.42717        -0.000509221
                  69              9.6078        -0.000461438
                  70             9.78843        -0.000426107
                  71             9.96905        -0.000400854
                  72             10.1497        -0.000377254
                  73             10.3303        -0.000356794
                  74             10.5109        -0.000343234
                  75             10.6916        -0.000338096
                  76             10.8722        -0.000334023
                  77             11.0528         -0.00033047
                  78             11.2334         -0.00032485
                  79             11.4141        -0.000319632
                  80             11.5947        -0.000315424
                  81             11.7753        -0.000311329
                  82             11.9559        -0.000308168
                  83             12.1366        -0.000303427
                  84             12.3172        -0.000287874
                  85             12.4978        -0.000264151
                  86             12.6784        -0.000274455
                  87             12.8591        -0.000322854
                  88             13.0397         -0.00037421
                  89             13.2203        -0.000421404
                  90             13.4009        -0.000466502
                  91             13.5816        -0.000507934
                  92             13.7622        -0.000548653
                  93             13.9428        -0.000589499
                  94             14.1234        -0.000633267
                  95             14.3041        -0.000678876
                  96             14.4847        -0.000744404
                  97             14.6653         -0.00083477
                  98             14.8459        -0.000950921
                  99             15.0266         -0.00130058
