            IntervalRadial            Vertical          Radial_vel        Vertical_vel
                   0                   0             -7.4065
                   1            0.193143            -7.39265
                   2            0.382328            -7.35136
                   3            0.563812            -7.28384
                   4            0.734113            -7.19168
                   5            0.890074            -7.07692
                   6              1.0289            -6.94192
                   7             1.14816            -6.78937
                   8             1.24587            -6.62219
                   9             1.32086            -6.44366
                  10              1.3732            -6.25723
                  11             1.40418            -6.06609
                  12             1.41581             -5.8728
                  13             1.41036            -5.67924
                  14             1.39092            -5.48658
                  15             1.36234            -5.29506
                  16             1.33192            -5.10382
                  17             1.30845            -4.91161
                  18             1.29929            -4.71819
                  19              1.3076            -4.52473
                  20             1.33278            -4.33274
                  21             1.37266            -4.14325
                  22             1.42514            -3.95686
                  23             1.48863            -3.77393
                  24               1.562            -3.59472
                  25             1.64445            -3.41952
                  26             1.73544            -3.24859
                  27             1.83458            -3.08225
                  28             1.94156            -2.92085
                  29             2.05613            -2.76474
                  30               2.178            -2.61427
                  31             2.30687            -2.46974
                  32             2.44235            -2.33139
                  33             2.58405            -2.19942
                  34             2.73151            -2.07391
                  35             2.88427            -1.95491
                  36             3.04186            -1.84239
                  37             3.20381            -1.73625
                  38             3.36969            -1.63635
                  39             3.53907             -1.5425
                  40             3.71156             -1.4545
                  41              3.8868            -1.37213
                  42             4.06446            -1.29512
                  43             4.24426            -1.22321
                  44              4.4259            -1.15613
                  45             4.60916            -1.09358
                  46             4.79381            -1.03525
                  47             4.97965           -0.980868
                  48             5.16652           -0.930136
                  49             5.35428           -0.882793
                  50             5.54281           -0.838595
                  51               5.732           -0.797318
                  52             5.92176            -0.75876
                  53             6.11202           -0.722729
                  54              6.3027           -0.689047
                  55             6.49376           -0.657546
                  56             6.68514           -0.628065
                  57              6.8768           -0.600454
                  58              7.0687           -0.574571
                  59             7.26081           -0.550288
                  60              7.4531           -0.527491
                  61             7.64555           -0.506073
                  62             7.83814            -0.48594
                  63             8.03085           -0.467005
                  64             8.22367           -0.449188
                  65             8.41658           -0.432419
                  66             8.60957           -0.416627
                  67             8.80264           -0.401749
                  68             8.99577           -0.387724
                  69             9.18895             -0.3745
                  70             9.38219           -0.362024
                  71             9.57547           -0.350254
                  72             9.76879           -0.339146
                  73             9.96214           -0.328656
                  74             10.1555           -0.318749
                  75             10.3489           -0.309403
                  76             10.5424           -0.300597
                  77             10.7358             -0.2923
                  78             10.9293            -0.28448
                  79             11.1228           -0.277107
                  80             11.3163           -0.270158
                  81             11.5099           -0.263611
                  82             11.7034           -0.257449
                  83             11.8969           -0.251653
                  84             12.0905           -0.246206
                  85             12.2841           -0.241077
                  86             12.4777           -0.236309
                  87             12.6712            -0.23198
                  88             12.8648           -0.228029
                  89             13.0584           -0.224351
                  90             13.2521           -0.220916
                  91             13.4457           -0.217714
                  92             13.6393           -0.214748
                  93             13.8329           -0.212024
                  94             14.0265           -0.209557
                  95             14.2201            -0.20737
                  96             14.4138           -0.205516
                  97             14.6074            -0.20407
                  98              14.801           -0.203122
                  99             14.9947           -0.203337
