            IntervalRadial            Vertical          Radial_vel        Vertical_vel
                   0                   0            -2.76368
                   1            0.156926            -2.75845
                   2            0.313158            -2.74281
                   3            0.468034            -2.71699
                   4            0.620949            -2.68135
                   5             0.77138            -2.63637
                   6            0.918911            -2.58263
                   7             1.06324            -2.52082
                   8             1.20422             -2.4517
                   9             1.34184             -2.3761
                  10             1.47625            -2.29494
                  11             1.60777            -2.20918
                  12             1.73688            -2.11983
                  13              1.8642            -2.02795
                  14             1.99048            -1.93463
                  15             2.11651            -1.84098
                  16              2.2431             -1.7481
                  17             2.37099            -1.65701
                  18              2.5008            -1.56868
                  19             2.63293            -1.48386
                  20             2.76762            -1.40317
                  21             2.90491            -1.32697
                  22             3.04468            -1.25544
                  23             3.18674            -1.18857
                  24             3.33085            -1.12623
                  25             3.47674             -1.0682
                  26             3.62418            -1.01421
                  27             3.77295              -0.964
                  28             3.92285           -0.917286
                  29             4.07373           -0.873816
                  30             4.22544           -0.833353
                  31             4.37786           -0.795677
                  32             4.53091           -0.760583
                  33             4.68447           -0.727879
                  34              4.8385           -0.697381
                  35             4.99291           -0.668915
                  36             5.14765           -0.642316
                  37             5.30268            -0.61743
                  38             5.45795           -0.594116
                  39             5.61343           -0.572243
                  40              5.7691           -0.551694
                  41             5.92491           -0.532364
                  42             6.08087           -0.514157
                  43             6.23694            -0.49699
                  44             6.39311           -0.480783
                  45             6.54938           -0.465467
                  46             6.70572           -0.450978
                  47             6.86213           -0.437258
                  48             7.01861           -0.424252
                  49             7.17513           -0.411911
                  50             7.33171           -0.400191
                  51             7.48833           -0.389049
                  52             7.64498           -0.378448
                  53             7.80167           -0.368354
                  54             7.95839           -0.358733
                  55             8.11513           -0.349558
                  56              8.2719           -0.340801
                  57             8.42869           -0.332438
                  58              8.5855           -0.324445
                  59             8.74233           -0.316802
                  60             8.89917           -0.309488
                  61             9.05603           -0.302487
                  62             9.21289            -0.29578
                  63             9.36978           -0.289352
                  64             9.52667           -0.283189
                  65             9.68357           -0.277277
                  66             9.84048           -0.271603
                  67              9.9974           -0.266155
                  68             10.1543           -0.260923
                  69             10.3113           -0.255896
                  70             10.4682           -0.251066
                  71             10.6251           -0.246423
                  72             10.7821            -0.24196
                  73              10.939           -0.237668
                  74              11.096            -0.23354
                  75              11.253           -0.229567
                  76             11.4099           -0.225745
                  77             11.5669           -0.222067
                  78             11.7239           -0.218528
                  79             11.8808           -0.215122
                  80             12.0378           -0.211844
                  81             12.1948           -0.208689
                  82             12.3518           -0.205652
                  83             12.5088            -0.20274
                  84             12.6658           -0.199955
                  85             12.8228           -0.197292
                  86             12.9797           -0.194733
                  87             13.1367            -0.19227
                  88             13.2937           -0.189898
                  89             13.4507           -0.187617
                  90             13.6077           -0.185425
                  91             13.7647           -0.183323
                  92             13.9217           -0.181313
                  93             14.0787           -0.179398
                  94             14.2357           -0.177582
                  95             14.3927           -0.175873
                  96             14.5497           -0.174287
                  97             14.7067           -0.172836
                  98             14.8638           -0.171567
                  99             15.0208            -0.17062
