            IntervalRadial            Vertical          Radial_vel        Vertical_vel
                   0                   0           -0.509962
                   1            0.151987           -0.507538
                   2            0.303826           -0.500385
                   3            0.455408           -0.489033
                   4            0.606696           -0.474267
                   5            0.757724            -0.45704
                   6             0.90858           -0.438376
                   7             1.05938           -0.419241
                   8             1.21021           -0.400411
                   9             1.36115           -0.382405
                  10             1.51221           -0.365449
                  11             1.66338           -0.349523
                  12             1.81463           -0.334426
                  13             1.96594           -0.319897
                  14             2.11729           -0.305682
                  15             2.26864           -0.291623
                  16             2.42001           -0.277672
                  17             2.57139           -0.263899
                  18              2.7228           -0.250451
                  19             2.87425           -0.237526
                  20             3.02577           -0.225308
                  21             3.17735           -0.213935
                  22               3.329           -0.203467
                  23              3.4807           -0.193881
                  24             3.63245           -0.185073
                  25             3.78424           -0.176896
                  26             3.93605           -0.169187
                  27             4.08788           -0.161805
                  28             4.23971            -0.15465
                  29             4.39156            -0.14768
                  30             4.54342           -0.140896
                  31             4.69528           -0.134341
                  32             4.84716            -0.12807
                  33             4.99905           -0.122139
                  34             5.15096           -0.116585
                  35             5.30288           -0.111422
                  36             5.45481           -0.106632
                  37             5.60675           -0.102174
                  38              5.7587           -0.097988
                  39             5.91065          -0.0940131
                  40             6.06261          -0.0901978
                  41             6.21457          -0.0865084
                  42             6.36654          -0.0829295
                  43              6.5185           -0.079463
                  44             6.67047          -0.0761221
                  45             6.82245          -0.0729258
                  46             6.97442          -0.0698906
                  47              7.1264          -0.0670273
                  48             7.27839          -0.0643369
                  49             7.43037          -0.0618124
                  50             7.58236          -0.0594382
                  51             7.73435          -0.0571923
                  52             7.88634          -0.0550477
                  53             8.03834          -0.0529826
                  54             8.19033          -0.0509859
                  55             8.34232          -0.0490592
                  56             8.49432          -0.0472054
                  57             8.64632          -0.0454288
                  58             8.79831          -0.0437332
                  59             8.95031          -0.0421225
                  60             9.10231          -0.0405977
                  61             9.25431          -0.0391567
                  62             9.40631          -0.0377954
                  63             9.55831           -0.036507
                  64             9.71031          -0.0352829
                  65             9.86232          -0.0341163
                  66             10.0143          -0.0329928
                  67             10.1663           -0.031903
                  68             10.3183          -0.0308432
                  69             10.4703          -0.0298357
                  70             10.6223           -0.028888
                  71             10.7743          -0.0280001
                  72             10.9263          -0.0271588
                  73             11.0783          -0.0263658
                  74             11.2304          -0.0256174
                  75             11.3824          -0.0249066
                  76             11.5344          -0.0242325
                  77             11.6864          -0.0235912
                  78             11.8384          -0.0229783
                  79             11.9904          -0.0223891
                  80             12.1424          -0.0218238
                  81             12.2944           -0.021281
                  82             12.4464          -0.0207459
                  83             12.5984          -0.0202569
                  84             12.7504          -0.0198262
                  85             12.9024          -0.0194715
                  86             13.0544          -0.0191189
                  87             13.2064          -0.0187881
                  88             13.3584          -0.0184772
                  89             13.5104           -0.018176
                  90             13.6624          -0.0178873
                  91             13.8145          -0.0176108
                  92             13.9665          -0.0173476
                  93             14.1185          -0.0170984
                  94             14.2705          -0.0168616
                  95             14.4225          -0.0166423
                  96             14.5745          -0.0164661
                  97             14.7265           -0.016298
                  98             14.8785           -0.016165
                  99             15.0305          -0.0162148
