            IntervalRadial            Vertical          Radial_vel        Vertical_vel
                   0                   0            -1.50573
                   1            0.154333            -1.50151
                   2            0.308206            -1.48887
                   3            0.461179              -1.468
                   4            0.612855            -1.43918
                   5            0.762891            -1.40277
                   6            0.911023            -1.35926
                   7             1.05708            -1.30921
                   8             1.20098            -1.25329
                   9             1.34279            -1.19224
                  10             1.48267            -1.12688
                  11              1.6209            -1.05813
                  12              1.7579           -0.986945
                  13             1.89417            -0.91436
                  14             2.03025           -0.841444
                  15             2.16674            -0.76928
                  16             2.30417           -0.698926
                  17             2.44299            -0.63136
                  18             2.58352           -0.567429
                  19             2.72593            -0.50779
                  20             2.87022           -0.452875
                  21              3.0163           -0.402888
                  22             3.16396           -0.357822
                  23               3.313           -0.317503
                  24             3.46316           -0.281638
                  25             3.61425           -0.249864
                  26             3.76607           -0.221789
                  27             3.91846           -0.197017
                  28             4.07129           -0.175172
                  29             4.22448           -0.155906
                  30             4.37793           -0.138903
                  31             4.53159           -0.123883
                  32              4.6854           -0.110597
                  33             4.83935          -0.0988297
                  34             4.99338          -0.0883914
                  35             5.14749           -0.079118
                  36             5.30166          -0.0708667
                  37             5.45588          -0.0635135
                  38             5.61013           -0.056951
                  39             5.76441          -0.0510855
                  40             5.91871          -0.0458357
                  41             6.07303          -0.0411307
                  42             6.22736          -0.0369086
                  43             6.38171          -0.0331151
                  44             6.53606           -0.029703
                  45             6.69042          -0.0266305
                  46             6.84478           -0.023861
                  47             6.99915          -0.0213624
                  48             7.15353          -0.0191062
                  49             7.30791          -0.0170671
                  50             7.46228          -0.0152231
                  51             7.61667          -0.0135542
                  52             7.77105           -0.012043
                  53             7.92543          -0.0106739
                  54             8.07982         -0.00943289
                  55             8.23421         -0.00830761
                  56             8.38859         -0.00728696
                  57             8.54298         -0.00636102
                  58             8.69737          -0.0055209
                  59             8.85176         -0.00475862
                  60             9.00615         -0.00406704
                  61             9.16053         -0.00343973
                  62             9.31492         -0.00287091
                  63             9.46931         -0.00235538
                  64              9.6237         -0.00188847
                  65             9.77809         -0.00146598
                  66             9.93248          -0.0010841
                  67             10.0869        -0.000739424
                  68             10.2413        -0.000428886
                  69             10.3957        -0.000149723
                  70               10.55          0.00010054
                  71             10.7044         0.000324125
                  72             10.8588         0.000523014
                  73             11.0132         0.000698973
                  74             11.1676         0.000853564
                  75              11.322         0.000988163
                  76             11.4764          0.00110396
                  77             11.6308            0.001202
                  78             11.7852          0.00128313
                  79             11.9396          0.00134806
                  80             12.0939          0.00139734
                  81             12.2483          0.00143136
                  82             12.4027          0.00145034
                  83             12.5571          0.00145434
                  84             12.7115           0.0014432
                  85             12.8659           0.0014166
                  86             13.0203          0.00137398
                  87             13.1747           0.0013145
                  88             13.3291          0.00123702
                  89             13.4835          0.00113998
                  90             13.6379          0.00102134
                  91             13.7922         0.000878415
                  92             13.9466         0.000707647
                  93              14.101         0.000504279
                  94             14.2554         0.000261799
                  95             14.4098        -2.91063e-05
                  96             14.5642        -0.000382217
                  97             14.7186        -0.000820479
                  98              14.873         -0.00138593
                  99             15.0274         -0.00219193
