            IntervalRadial            Vertical          Radial_vel        Vertical_vel
                   0                   0            -1.68121
                   1            0.155295             -1.6762
                   2            0.309942            -1.66118
                   3            0.463326            -1.63637
                   4            0.614881            -1.60213
                   5            0.764125            -1.55891
                   6            0.910673            -1.50729
                   7             1.05427            -1.44794
                   8             1.19479            -1.38165
                   9             1.33229            -1.30929
                  10             1.46697            -1.23182
                  11             1.59924            -1.15029
                  12             1.72966            -1.06584
                  13             1.85896           -0.979676
                  14             1.98797           -0.893091
                  15              2.1176            -0.80742
                  16             2.24869           -0.724012
                  17             2.38197           -0.644164
                  18             2.51798           -0.569037
                  19             2.65695           -0.499552
                  20             2.79888           -0.436319
                  21             2.94353           -0.379601
                  22             3.09056           -0.329343
                  23             3.23954           -0.285236
                  24             3.39009           -0.246801
                  25             3.54184           -0.213474
                  26             3.69453           -0.184665
                  27              3.8479           -0.159803
                  28             4.00179            -0.13836
                  29             4.15606           -0.119862
                  30             4.31061           -0.103895
                  31             4.46537          -0.0900959
                  32             4.62029          -0.0781562
                  33             4.77532          -0.0678107
                  34             4.93044          -0.0588333
                  35             5.08562          -0.0510319
                  36             5.24084          -0.0442428
                  37             5.39611          -0.0383267
                  38              5.5514          -0.0331648
                  39             5.70671          -0.0286556
                  40             5.86203          -0.0247124
                  41             6.01737          -0.0212608
                  42             6.17271          -0.0182371
                  43             6.32807          -0.0155863
                  44             6.48343           -0.013261
                  45             6.63879          -0.0112204
                  46             6.79415          -0.0094289
                  47             6.94952          -0.0078559
                  48             7.10489         -0.00647467
                  49             7.26026         -0.00526196
                  50             7.41563         -0.00419748
                  51             7.57101         -0.00326353
                  52             7.72638          -0.0024446
                  53             7.88175         -0.00172712
                  54             8.03713         -0.00109918
                  55              8.1925         -0.00055029
                  56             8.34788        -7.12522e-05
                  57             8.50325         0.000346049
                  58             8.65863         0.000708765
                  59               8.814          0.00102321
                  60             8.96938          0.00129495
                  61             9.12475          0.00152891
                  62             9.28013          0.00172946
                  63              9.4355          0.00190043
                  64             9.59088          0.00204524
                  65             9.74625          0.00216691
                  66             9.90163          0.00226809
                  67              10.057          0.00235114
                  68             10.2124          0.00241813
                  69             10.3678          0.00247091
                  70             10.5231          0.00251107
                  71             10.6785          0.00254003
                  72             10.8339          0.00255901
                  73             10.9893          0.00256907
                  74             11.1446          0.00257113
                  75                11.3          0.00256596
                  76             11.4554           0.0025542
                  77             11.6108          0.00253636
                  78             11.7661          0.00251284
                  79             11.9215          0.00248392
                  80             12.0769          0.00244977
                  81             12.2323          0.00241042
                  82             12.3876          0.00236581
                  83              12.543          0.00231568
                  84             12.6984          0.00225969
                  85             12.8538          0.00219728
                  86             13.0091          0.00212775
                  87             13.1645          0.00205016
                  88             13.3199          0.00196325
                  89             13.4753          0.00186543
                  90             13.6306          0.00175464
                  91              13.786          0.00162822
                  92             13.9414          0.00148269
                  93             14.0968          0.00131339
                  94             14.2521          0.00111396
                  95             14.4075         0.000875266
                  96             14.5629         0.000583812
                  97             14.7183         0.000216821
                  98             14.8736        -0.000267119
                  99              15.029        -0.000981106
