            IntervalRadial            Vertical          Radial_vel        Vertical_vel
                   0                   0           -0.650891
                   1            0.151929           -0.649102
                   2            0.303777           -0.643813
                   3            0.455484            -0.63541
                   4            0.607028           -0.624448
                   5            0.758423           -0.611594
                   6            0.909712            -0.59755
                   7             1.06095           -0.582972
                   8             1.21219           -0.568373
                   9             1.36345           -0.554092
                  10             1.51477           -0.540282
                  11             1.66612           -0.526937
                  12              1.8175           -0.513942
                  13              1.9689           -0.501155
                  14             2.12031            -0.48844
                  15             2.27172           -0.475732
                  16             2.42312           -0.463037
                  17             2.57454           -0.450435
                  18             2.72598           -0.438055
                  19             2.87744           -0.426048
                  20             3.02894           -0.414545
                  21             3.18049           -0.403639
                  22             3.33208           -0.393364
                  23             3.48371           -0.383693
                  24             3.63538           -0.374549
                  25             3.78707           -0.365827
                  26             3.93877           -0.357418
                  27             4.09049           -0.349231
                  28             4.24222           -0.341208
                  29             4.39396            -0.33333
                  30              4.5457           -0.325611
                  31             4.69745           -0.318087
                  32             4.84922           -0.310802
                  33               5.001           -0.303798
                  34             5.15279           -0.297099
                  35             5.30459           -0.290709
                  36             5.45641           -0.284611
                  37             5.60824           -0.278769
                  38             5.76007           -0.273138
                  39             5.91192           -0.267674
                  40             6.06376           -0.262342
                  41             6.21561           -0.257121
                  42             6.36747           -0.252003
                  43             6.51932           -0.246995
                  44             6.67118           -0.242109
                  45             6.82305           -0.237362
                  46             6.97492           -0.232765
                  47             7.12679           -0.228326
                  48             7.27867           -0.224042
                  49             7.43056           -0.219908
                  50             7.58244           -0.215907
                  51             7.73433           -0.212022
                  52             7.88623           -0.208232
                  53             8.03812           -0.204522
                  54             8.19002           -0.200886
                  55             8.34192           -0.197327
                  56             8.49382           -0.193847
                  57             8.64572           -0.190451
                  58             8.79762           -0.187142
                  59             8.94953           -0.183922
                  60             9.10143           -0.180793
                  61             9.25334            -0.17775
                  62             9.40525           -0.174791
                  63             9.55717           -0.171908
                  64             9.70908           -0.169093
                  65             9.86099           -0.166341
                  66             10.0129           -0.163642
                  67             10.1648           -0.160988
                  68             10.3167           -0.158381
                  69             10.4687           -0.155837
                  70             10.6206           -0.153359
                  71             10.7725           -0.150947
                  72             10.9244            -0.14859
                  73             11.0763            -0.14629
                  74             11.2283           -0.144041
                  75             11.3802           -0.141838
                  76             11.5321           -0.139681
                  77              11.684           -0.137565
                  78              11.836           -0.135488
                  79             11.9879           -0.133445
                  80             12.1398           -0.131438
                  81             12.2917           -0.129464
                  82             12.4437           -0.127518
                  83             12.5956           -0.125627
                  84             12.7475           -0.123797
                  85             12.8995           -0.122036
                  86             13.0514           -0.120288
                  87             13.2033           -0.118569
                  88             13.3553           -0.116876
                  89             13.5072           -0.115202
                  90             13.6591           -0.113549
                  91              13.811           -0.111917
                  92              13.963           -0.110309
                  93             14.1149           -0.108724
                  94             14.2668           -0.107163
                  95             14.4188           -0.105631
                  96             14.5707           -0.104143
                  97             14.7226           -0.102675
                  98             14.8746            -0.10125
                  99             15.0265          -0.0999676
