            IntervalRadial            Vertical          Radial_vel        Vertical_vel
                   0                   0            -23.4901
                   1            0.354033            -23.4447
                   2            0.685466            -23.3122
                   3            0.973387            -23.1011
                   4              1.1952            -22.8215
                   5             1.33276            -22.4923
                   6             1.39203            -22.1403
                   7             1.38269            -21.7834
                   8             1.30929             -21.434
                   9             1.17774            -21.1022
                  10             1.00954            -20.7873
                  11             0.83739            -20.4746
                  12            0.687885            -20.1504
                  13            0.571626            -19.8129
                  14            0.488743            -19.4657
                  15            0.432897            -19.1131
                  16             0.39914            -18.7577
                  17            0.383589            -18.4011
                  18            0.380581            -18.0441
                  19            0.383552            -17.6872
                  20            0.387122            -17.3302
                  21            0.388403            -16.9733
                  22            0.386912            -16.6163
                  23            0.383654            -16.2593
                  24            0.380052            -15.9024
                  25            0.377218            -15.5454
                  26             0.37572            -15.1885
                  27            0.375697            -14.8315
                  28            0.377069            -14.4745
                  29             0.37971            -14.1175
                  30            0.383528            -13.7606
                  31            0.388486            -13.4037
                  32            0.394595            -13.0467
                  33            0.401894            -12.6898
                  34            0.410443             -12.333
                  35            0.420318            -11.9761
                  36            0.431611            -11.6194
                  37            0.444428            -11.2626
                  38            0.458894            -10.9059
                  39            0.475156            -10.5493
                  40            0.493387            -10.1928
                  41            0.513786            -9.83644
                  42            0.536586             -9.4802
                  43            0.562058            -9.12414
                  44            0.590514             -8.7683
                  45            0.622318            -8.41275
                  46            0.657889            -8.05755
                  47            0.697711            -7.70281
                  48            0.742342            -7.34864
                  49            0.792423             -6.9952
                  50            0.848685            -6.64269
                  51            0.911959            -6.29137
                  52            0.983182            -5.94158
                  53              1.0634            -5.59374
                  54             1.15376            -5.24839
                  55             1.25549            -4.90623
                  56             1.36992            -4.56809
                  57             1.49838            -4.23504
                  58             1.64218            -3.90831
                  59             1.80258            -3.58941
                  60             1.98065            -3.28003
                  61             2.17727            -2.98209
                  62             2.39295            -2.69765
                  63             2.62783            -2.42884
                  64              2.8815            -2.17768
                  65               3.153            -1.94592
                  66             3.44081            -1.73475
                  67             3.74296            -1.54468
                  68             4.05726            -1.37543
                  69             4.38147            -1.22605
                  70             4.71354            -1.09506
                  71             5.05168           -0.980678
                  72             5.39445            -0.88099
                  73             5.74069           -0.794134
                  74             6.08953           -0.718387
                  75             6.44032           -0.652209
                  76             6.79255           -0.594258
                  77             7.14588            -0.54338
                  78             7.50003           -0.498592
                  79             7.85481           -0.459062
                  80             8.21006           -0.424084
                  81             8.56568           -0.393066
                  82             8.92159           -0.365504
                  83             9.27771           -0.340976
                  84             9.63401           -0.319121
                  85             9.99045           -0.299635
                  86              10.347           -0.282256
                  87             10.7036           -0.266775
                  88             11.0603           -0.252991
                  89             11.4171           -0.240767
                  90             11.7739           -0.229955
                  91             12.1308           -0.220455
                  92             12.4876           -0.212191
                  93             12.8445           -0.205186
                  94             13.2015           -0.199258
                  95             13.5584           -0.194478
                  96             13.9153           -0.190734
                  97             14.2723           -0.188383
                  98             14.6293           -0.187506
                  99             14.9862           -0.189695
