            IntervalRadial            Vertical          Radial_vel        Vertical_vel
                   0                   0            -1.84366
                   1            0.153747            -1.84025
                   2            0.307192            -1.83003
                   3             0.46005            -1.81317
                   4            0.612068            -1.78992
                   5             0.76304            -1.76064
                   6            0.912814            -1.72575
                   7             1.06131            -1.68576
                   8             1.20851            -1.64125
                   9             1.35448            -1.59284
                  10             1.49935            -1.54123
                  11              1.6433            -1.48712
                  12             1.78657            -1.43125
                  13             1.92944            -1.37435
                  14             2.07219            -1.31713
                  15             2.21507            -1.26025
                  16             2.35832            -1.20432
                  17             2.50213            -1.14983
                  18             2.64662            -1.09719
                  19             2.79188            -1.04668
                  20             2.93791            -0.99848
                  21             3.08472           -0.952688
                  22             3.23227           -0.909318
                  23             3.38049           -0.868337
                  24             3.52934           -0.829675
                  25             3.67874           -0.793241
                  26             3.82865           -0.758938
                  27             3.97901           -0.726664
                  28             4.12977           -0.696315
                  29             4.28089            -0.66779
                  30             4.43232           -0.640986
                  31             4.58403           -0.615803
                  32             4.73598           -0.592139
                  33             4.88815           -0.569893
                  34             5.04051           -0.548969
                  35             5.19302           -0.529272
                  36             5.34568           -0.510713
                  37             5.49847            -0.49321
                  38             5.65136           -0.476686
                  39             5.80436           -0.461073
                  40             5.95743           -0.446307
                  41             6.11058           -0.432329
                  42             6.26379           -0.419086
                  43             6.41706           -0.406529
                  44             6.57039           -0.394613
                  45             6.72375           -0.383294
                  46             6.87716           -0.372534
                  47             7.03061           -0.362297
                  48             7.18408           -0.352548
                  49             7.33758           -0.343257
                  50             7.49111           -0.334395
                  51             7.64467           -0.325936
                  52             7.79824           -0.317855
                  53             7.95183            -0.31013
                  54             8.10544            -0.30274
                  55             8.25906           -0.295667
                  56             8.41269           -0.288893
                  57             8.56634             -0.2824
                  58                8.72           -0.276175
                  59             8.87367           -0.270201
                  60             9.02735           -0.264466
                  61             9.18103           -0.258958
                  62             9.33473           -0.253664
                  63             9.48843           -0.248575
                  64             9.64214           -0.243679
                  65             9.79585           -0.238968
                  66             9.94957           -0.234432
                  67             10.1033           -0.230062
                  68              10.257           -0.225852
                  69             10.4107           -0.221795
                  70             10.5645           -0.217885
                  71             10.7182           -0.214115
                  72              10.872           -0.210479
                  73             11.0257            -0.20697
                  74             11.1795           -0.203583
                  75             11.3332           -0.200313
                  76              11.487           -0.197154
                  77             11.6407           -0.194102
                  78             11.7945           -0.191154
                  79             11.9482           -0.188305
                  80              12.102            -0.18555
                  81             12.2558           -0.182887
                  82             12.4095           -0.180313
                  83             12.5633           -0.177837
                  84              12.717           -0.175462
                  85             12.8708           -0.173178
                  86             13.0246           -0.170965
                  87             13.1784           -0.168819
                  88             13.3321           -0.166737
                  89             13.4859           -0.164716
                  90             13.6397           -0.162758
                  91             13.7934           -0.160861
                  92             13.9472           -0.159027
                  93              14.101           -0.157258
                  94             14.2548           -0.155557
                  95             14.4085            -0.15393
                  96             14.5623           -0.152387
                  97             14.7161           -0.150933
                  98             14.8699           -0.149602
                  99             15.0237           -0.148497
