            IntervalRadial            Vertical          Radial_vel        Vertical_vel
                   0                   0           -0.601222
                   1             0.15185           -0.600206
                   2            0.303672           -0.597164
                   3            0.455445           -0.592215
                   4             0.60715           -0.585524
                   5             0.75878           -0.577297
                   6            0.910334           -0.567774
                   7             1.06182            -0.55721
                   8             1.21325           -0.545846
                   9             1.36463           -0.533909
                  10             1.51598           -0.521593
                  11             1.66732           -0.509058
                  12             1.81864           -0.496426
                  13             1.96997           -0.483792
                  14              2.1213           -0.471222
                  15             2.27264            -0.45877
                  16               2.424           -0.446477
                  17             2.57537           -0.434384
                  18             2.72676           -0.422524
                  19             2.87817           -0.410936
                  20              3.0296            -0.39965
                  21             3.18106           -0.388695
                  22             3.33254           -0.378089
                  23             3.48405           -0.367846
                  24             3.63558           -0.357967
                  25             3.78713           -0.348447
                  26             3.93871           -0.339272
                  27             4.09031           -0.330428
                  28             4.24192           -0.321896
                  29             4.39355           -0.313662
                  30             4.54519           -0.305712
                  31             4.69685           -0.298035
                  32             4.84852           -0.290624
                  33             5.00021           -0.283474
                  34             5.15191           -0.276578
                  35             5.30361           -0.269932
                  36             5.45533           -0.263529
                  37             5.60706           -0.257359
                  38             5.75879           -0.251411
                  39             5.91054           -0.245675
                  40             6.06229           -0.240139
                  41             6.21405           -0.234792
                  42             6.36582           -0.229624
                  43             6.51759           -0.224627
                  44             6.66936           -0.219794
                  45             6.82114           -0.215118
                  46             6.97293           -0.210594
                  47             7.12472           -0.206217
                  48             7.27651           -0.201984
                  49             7.42831           -0.197888
                  50             7.58011           -0.193925
                  51             7.73192           -0.190089
                  52             7.88372           -0.186372
                  53             8.03553           -0.182768
                  54             8.18735           -0.179274
                  55             8.33916           -0.175885
                  56             8.49098           -0.172598
                  57              8.6428           -0.169409
                  58             8.79462           -0.166313
                  59             8.94644           -0.163308
                  60             9.09827            -0.16039
                  61              9.2501           -0.157556
                  62             9.40192           -0.154802
                  63             9.55375           -0.152126
                  64             9.70558           -0.149525
                  65             9.85742           -0.146995
                  66             10.0092           -0.144531
                  67             10.1611           -0.142129
                  68             10.3129            -0.13979
                  69             10.4648           -0.137518
                  70             10.6166            -0.13531
                  71             10.7684           -0.133164
                  72             10.9203           -0.131074
                  73             11.0721           -0.129037
                  74             11.2239           -0.127051
                  75             11.3758           -0.125111
                  76             11.5276           -0.123217
                  77             11.6795           -0.121368
                  78             11.8313            -0.11956
                  79             11.9832           -0.117793
                  80              12.135           -0.116065
                  81             12.2868           -0.114374
                  82             12.4387           -0.112718
                  83             12.5905           -0.111115
                  84             12.7424           -0.109566
                  85             12.8942           -0.108068
                  86             13.0461           -0.106591
                  87             13.1979           -0.105139
                  88             13.3498           -0.103711
                  89             13.5016           -0.102303
                  90             13.6535           -0.100917
                  91             13.8053          -0.0995536
                  92             13.9571          -0.0982133
                  93              14.109          -0.0968965
                  94             14.2608          -0.0956046
                  95             14.4127          -0.0943416
                  96             14.5645          -0.0931153
                  97             14.7164           -0.091915
                  98             14.8682          -0.0907597
                  99             15.0201          -0.0897181
